   1.86250000e-01    8.92678554e-03    1.42988643e+00    1.63997974e-03    2.00000000e+00
   1.85000000e-01    6.12372436e-03    1.43474918e+00    4.08215368e-03    2.00000000e+00
   1.80000000e-01    1.65831240e-02    1.43969255e+00    2.25331565e-03    2.00000000e+00
   1.92500000e-01    9.01387819e-03    1.44375093e+00    3.47611999e-03    2.00000000e+00
   1.95000000e-01    9.35414347e-03    1.44786803e+00    2.97066344e-03    2.00000000e+00
   1.95000000e-01    5.00000000e-03    1.45474205e+00    3.46612270e-03    2.00000000e+00
   2.08750000e-01    1.24373430e-02    1.45997385e+00    3.43680999e-03    2.00000000e+00
   2.21250000e-01    4.14578099e-03    1.46511110e+00    1.57145268e-03    2.00000000e+00
   2.23750000e-01    1.02316910e-02    1.47159208e+00    1.23756577e-03    2.00000000e+00
   2.31250000e-01    1.78097586e-02    1.48295420e+00    5.20845024e-03    2.00000000e+00
   2.52500000e-01    1.60078106e-02    1.48998518e+00    4.02755437e-03    2.00000000e+00
   2.52500000e-01    1.08972474e-02    1.49197528e+00    2.51930718e-03    2.00000000e+00
   2.62500000e-01    1.88745861e-02    1.50997278e+00    3.73494207e-03    2.00000000e+00
   2.80000000e-01    1.69558250e-02    1.51556943e+00    4.39766785e-03    2.00000000e+00
   2.72500000e-01    9.01387819e-03    1.52366575e+00    2.76014753e-03    2.00000000e+00
   3.11250000e-01    5.44862368e-03    1.53850865e+00    4.89637186e-03    2.00000000e+00
   3.22500000e-01    1.25000000e-02    1.55562888e+00    5.00929253e-03    2.00000000e+00
   3.45000000e-01    6.12372436e-03    1.56852938e+00    9.54786608e-03    2.00000000e+00
   3.88750000e-01    2.90204669e-02    1.57901337e+00    2.34291476e-03    2.00000000e+00
   3.88750000e-01    1.24373430e-02    1.60120580e+00    7.33313453e-03    2.00000000e+00
   4.26250000e-01    1.98037244e-02    1.61835555e+00    5.55607980e-03    2.00000000e+00
   4.41250000e-01    2.16145206e-02    1.62492175e+00    8.07282732e-03    2.00000000e+00
   4.57500000e-01    3.56195171e-02    1.62889302e+00    3.93059286e-03    2.00000000e+00
   4.63750000e-01    3.10996383e-02    1.63668777e+00    9.04414398e-03    2.00000000e+00
   4.76250000e-01    3.32368395e-02    1.64616115e+00    4.16291322e-03    2.00000000e+00
   4.90000000e-01    5.08674749e-02    1.65381628e+00    1.03447108e-02    2.00000000e+00
   4.76250000e-01    2.30149408e-02    1.65502160e+00    7.97273924e-03    2.00000000e+00
   5.42500000e-01    1.82002747e-02    1.65756720e+00    1.40084467e-02    2.00000000e+00
   5.45000000e-01    3.69120577e-02    1.65547218e+00    6.06758221e-03    2.00000000e+00
   5.45000000e-01    3.40954542e-02    1.66267842e+00    7.86430253e-03    2.00000000e+00
   5.02500000e-01    3.78318649e-02    1.66684138e+00    6.08456471e-03    2.00000000e+00
   5.72500000e-01    3.50891721e-02    1.67141175e+00    5.12822290e-03    2.00000000e+00
   5.16250000e-01    2.38156986e-02    1.67182922e+00    7.64351100e-03    2.00000000e+00
   5.22500000e-01    2.07665597e-02    1.67951930e+00    4.70277736e-03    2.00000000e+00
   6.01250000e-01    3.87903016e-02    1.68220902e+00    9.21023183e-03    2.00000000e+00
   5.70000000e-01    3.24037035e-02    1.68253283e+00    5.87342557e-03    2.00000000e+00
   5.75000000e-01    4.07737661e-02    1.68517930e+00    7.12944692e-03    2.00000000e+00
   6.17500000e-01    2.56173769e-02    1.68899692e+00    6.02692486e-03    2.00000000e+00
   5.71250000e-01    3.02851036e-02    1.68787720e+00    6.90684289e-03    2.00000000e+00
   5.83750000e-01    2.16145206e-02    1.69117110e+00    5.73461227e-03    2.00000000e+00
   6.10000000e-01    2.87228132e-02    1.68832505e+00    5.75030136e-03    2.00000000e+00
   5.96250000e-01    3.91112196e-02    1.69690155e+00    2.81344821e-03    2.00000000e+00
   6.48750000e-01    3.14990079e-02    1.70576322e+00    9.74265419e-03    2.00000000e+00
   6.43750000e-01    3.87903016e-02    1.71748255e+00    4.74312260e-03    2.00000000e+00
   6.83750000e-01    4.15895119e-02    1.72565728e+00    8.70043548e-03    2.00000000e+00
   6.38750000e-01    4.36427256e-02    1.72257092e+00    4.54901846e-03    2.00000000e+00
   6.77500000e-01    3.75000000e-02    1.72715692e+00    7.75954150e-03    2.00000000e+00
   7.46250000e-01    6.77656808e-02    1.72929970e+00    8.93988822e-03    2.00000000e+00
   7.11250000e-01    6.52279656e-02    1.73691983e+00    1.22829224e-02    2.00000000e+00
   7.57500000e-01    8.72138177e-02    1.74088180e+00    9.18165147e-03    2.00000000e+00
   7.63750000e-01    6.24874987e-02    1.74380350e+00    5.28600422e-03    2.00000000e+00
   7.51250000e-01    2.92350389e-02    1.74024485e+00    5.06538597e-03    2.00000000e+00
   7.47500000e-01    7.05779711e-02    1.75459612e+00    6.11811177e-03    2.00000000e+00
   7.13750000e-01    2.92350389e-02    1.75907208e+00    9.96649227e-03    2.00000000e+00
   8.42500000e-01    7.26722093e-02    1.77270507e+00    7.90437725e-03    2.00000000e+00
   8.70000000e-01    4.43001129e-02    1.77449673e+00    7.70539808e-03    2.00000000e+00
   8.67500000e-01    1.22397917e-01    1.77218735e+00    7.65477004e-03    2.00000000e+00
   8.62500000e-01    8.55496932e-02    1.77528577e+00    7.58493815e-03    2.00000000e+00
   9.07500000e-01    6.14918694e-02    1.78158220e+00    8.38175515e-03    2.00000000e+00
   8.28750000e-01    4.43529875e-02    1.79764168e+00    7.02491123e-03    2.00000000e+00
   9.26250000e-01    5.42419349e-02    1.79596333e+00    1.41016853e-02    2.00000000e+00
   1.01625000e+00    1.00522075e-01    1.80790183e+00    1.99305915e-02    2.00000000e+00
   9.60000000e-01    7.02673466e-02    1.80746385e+00    1.96108123e-02    2.00000000e+00
   9.93750000e-01    4.60129058e-02    1.82830682e+00    1.67115151e-02    2.00000000e+00
   1.00500000e+00    1.16243279e-01    1.83402960e+00    8.03459187e-03    2.00000000e+00
   1.04750000e+00    4.39459896e-02    1.82923828e+00    6.97873196e-03    2.00000000e+00
   1.16375000e+00    7.30902695e-02    1.84446410e+00    3.34619228e-03    2.00000000e+00
   1.08750000e+00    9.05883547e-02    1.85706047e+00    3.97948859e-03    2.00000000e+00
   1.20125000e+00    1.23611033e-01    1.85502355e+00    2.29010215e-02    2.00000000e+00
   1.22000000e+00    5.20816666e-02    1.87474210e+00    2.05893586e-02    2.00000000e+00
   1.35500000e+00    1.26342788e-01    1.88751022e+00    7.17400359e-03    2.00000000e+00
   1.31750000e+00    9.63392443e-02    1.90537175e+00    1.90366863e-02    2.00000000e+00
   1.39625000e+00    1.05438074e-01    1.92421980e+00    1.41930401e-02    2.00000000e+00
   1.66250000e+00    9.80752262e-02    1.96471545e+00    7.49849404e-03    2.00000000e+00
   1.65250000e+00    1.61031829e-01    1.97407915e+00    1.86965622e-02    2.00000000e+00
   1.79375000e+00    1.48381897e-01    1.98247235e+00    9.08941850e-03    2.00000000e+00
   2.09875000e+00    1.54570979e-01    2.04677808e+00    2.20974370e-02    2.00000000e+00
   2.13000000e+00    7.14142843e-02    2.05321572e+00    7.42737341e-03    1.00000000e+00
   2.36000000e+00    5.65685425e-02    2.06828940e+00    1.02971361e-02    1.00000000e+00
   3.04000000e+00    3.01993377e-01    2.16778635e+00    2.00634895e-02    1.00000000e+00
   3.29000000e+00    3.33916157e-01    2.15714760e+00    1.40926098e-02    1.00000000e+00
   3.71000000e+00    5.19615242e-02    2.21606923e+00    1.30203380e-02    1.00000000e+00
   4.20000000e+00    3.39411255e-01    2.26909975e+00    2.89617917e-02    1.00000000e+00
   5.30000000e+00    5.77234788e-01    2.34838035e+00    7.58871849e-03    1.00000000e+00
   5.61000000e+00    7.24085630e-01    2.35771953e+00    4.59914980e-02    1.00000000e+00
   6.24000000e+00    9.13016977e-01    2.42002352e+00    6.52305124e-02    1.00000000e+00
   7.34000000e+00    7.51797845e-01    2.46257328e+00    8.02939504e-02    1.00000000e+00
   7.46000000e+00    3.88329757e-01    2.42993330e+00    3.04592780e-02    1.00000000e+00
   8.00000000e+00    0.00000000e+00    2.49622958e+00    1.18701798e-02    0.00000000e+00
   1.10000000e+01    1.73205081e+00    2.53478975e+00    8.44416290e-03    0.00000000e+00
   1.20000000e+01    0.00000000e+00    2.60924800e+00    1.69106947e-02    0.00000000e+00
   1.26800000e+01    2.58007752e+00    2.62022742e+00    1.09903796e-01    1.00000000e+00
   1.60000000e+01    0.00000000e+00    2.72635970e+00    2.56294752e-02    0.00000000e+00
   1.80000000e+01    2.00000000e+00    2.77856332e+00    2.77609146e-02    0.00000000e+00
   2.20000000e+01    2.00000000e+00    2.84871088e+00    2.81671157e-02    0.00000000e+00
   2.80000000e+01    2.82842712e+00    2.92991805e+00    1.63858376e-02    0.00000000e+00
   3.40000000e+01    2.00000000e+00    2.99674195e+00    1.51005769e-02    0.00000000e+00
   4.30000000e+01    7.68114575e+00    3.09095858e+00    3.89747804e-02    0.00000000e+00
   4.00000000e+01    0.00000000e+00    3.09912802e+00    3.47487577e-02    0.00000000e+00
   8.00000000e+01    0.00000000e+00    3.21286432e+00    3.21517720e-02    0.00000000e+00
   8.00000000e+01    0.00000000e+00    3.31312952e+00    2.21340443e-02    0.00000000e+00
   1.20000000e+02    0.00000000e+00    3.36952117e+00    1.37397309e-02    0.00000000e+00
   1.60000000e+02    0.00000000e+00    3.52002525e+00    1.22685533e-02    0.00000000e+00
   2.10000000e+02    1.73205081e+01    3.66565205e+00    6.83518936e-02    0.00000000e+00
   3.40000000e+02    8.24621125e+01    3.77594560e+00    5.65745501e-02    0.00000000e+00
   4.20000000e+02    3.46410162e+01    3.89653067e+00    4.95786265e-02    0.00000000e+00
   6.50000000e+02    3.31662479e+01    3.97440183e+00    1.06180577e-01    0.00000000e+00
