   2.54905280e-01    5.71654823e-04    2.00000000e-01    0.00000000e+00
   2.65785311e-01    3.04641417e-04    2.00000000e-01    0.00000000e+00
   2.76281800e-01    1.02919953e-03    2.00000000e-01    0.00000000e+00
   2.88893655e-01    4.29181103e-04    2.00000000e-01    0.00000000e+00
   3.03408189e-01    7.24998043e-04    2.00000000e-01    0.00000000e+00
   3.16831376e-01    8.04381419e-04    2.00000000e-01    0.00000000e+00
   3.34528202e-01    2.64792487e-04    2.00000000e-01    0.00000000e+00
   3.52980107e-01    3.74181688e-04    2.00000000e-01    0.00000000e+00
   3.73626568e-01    8.07200784e-04    2.00000000e-01    0.00000000e+00
   3.96922760e-01    4.64955260e-04    2.00000000e-01    0.00000000e+00
   4.24352972e-01    9.54328479e-04    2.00000000e-01    0.00000000e+00
   4.53777414e-01    5.04499662e-04    2.00000000e-01    0.00000000e+00
   4.87655010e-01    7.87808606e-04    2.00000000e-01    0.00000000e+00
   5.28776864e-01    2.49487499e-03    2.00000000e-01    0.00000000e+00
   5.76772697e-01    1.05929548e-03    2.00000000e-01    0.00000000e+00
   6.32702181e-01    2.01460410e-03    2.00000000e-01    0.00000000e+00
   7.01869572e-01    1.21767491e-03    2.00000000e-01    0.00000000e+00
   7.85465992e-01    3.34129019e-03    2.00000000e-01    0.00000000e+00
   8.87313160e-01    3.52171522e-03    2.00000000e-01    0.00000000e+00
   1.01910883e+00    4.26916074e-03    2.00000000e-01    0.00000000e+00
   1.19462531e+00    1.95684773e-03    2.00000000e-01    0.00000000e+00
   1.24245485e+00    4.13666250e-03    2.00000000e-01    0.00000000e+00
   1.29200103e+00    3.99051231e-03    2.00000000e-01    0.00000000e+00
   1.34029297e+00    1.17170238e-02    2.00000000e-01    0.00000000e+00
   1.39241797e+00    1.68295987e-03    2.00000000e-01    0.00000000e+00
   1.44177858e+00    4.93021053e-03    2.00000000e-01    0.00000000e+00
   1.49669591e+00    6.24428446e-03    2.00000000e-01    0.00000000e+00
   1.54667882e+00    3.70547229e-03    2.00000000e-01    0.00000000e+00
   1.60273340e+00    4.47723165e-03    2.00000000e-01    0.00000000e+00
   1.60070274e+00    3.67014784e-02    2.00000000e-01    0.00000000e+00
   1.60883705e+00    1.97344875e-02    2.00000000e-01    0.00000000e+00
   1.68698075e+00    3.31017524e-03    2.00000000e-01    0.00000000e+00
   1.71027454e+00    2.25709070e-02    2.00000000e-01    0.00000000e+00
   1.72645651e+00    2.90848893e-02    2.00000000e-01    0.00000000e+00
   1.74446314e+00    8.77145301e-03    2.00000000e-01    0.00000000e+00
   1.77141409e+00    6.73804124e-02    2.00000000e-01    0.00000000e+00
   1.81342238e+00    6.01312221e-02    2.00000000e-01    0.00000000e+00
   1.82375750e+00    1.64452721e-02    2.00000000e-01    0.00000000e+00
   1.88282393e+00    3.86917538e-02    2.00000000e-01    0.00000000e+00
   1.88029318e+00    2.18109838e-02    2.00000000e-01    0.00000000e+00
   1.91487715e+00    5.52718587e-03    2.00000000e-01    0.00000000e+00
   1.99012489e+00    7.11842420e-03    2.00000000e-01    0.00000000e+00
   2.11181962e+00    6.71302186e-03    2.00000000e-01    0.00000000e+00
   2.20410754e+00    8.29946974e-03    2.00000000e-01    0.00000000e+00
   2.32775784e+00    1.00803615e-02    2.00000000e-01    0.00000000e+00
   2.39579538e+00    1.17954964e-02    2.00000000e-01    0.00000000e+00
   2.47598253e+00    1.11925899e-02    2.00000000e-01    0.00000000e+00
   2.53580748e+00    1.68203315e-02    2.00000000e-01    0.00000000e+00
   2.59316931e+00    3.62667597e-02    2.00000000e-01    0.00000000e+00
   2.67159121e+00    6.28823836e-02    2.00000000e-01    0.00000000e+00
   2.73959646e+00    2.19799017e-02    2.00000000e-01    0.00000000e+00
   2.81817602e+00    5.81574147e-02    2.00000000e-01    0.00000000e+00
   2.89783350e+00    4.36005195e-02    2.00000000e-01    0.00000000e+00
   3.00934706e+00    2.09885015e-02    2.00000000e-01    0.00000000e+00
   3.12426238e+00    5.16627315e-02    2.00000000e-01    0.00000000e+00
   3.24762841e+00    4.30608432e-02    2.00000000e-01    0.00000000e+00
   3.34289884e+00    4.27606469e-02    2.00000000e-01    0.00000000e+00
   3.42496108e+00    5.05148883e-02    2.00000000e-01    0.00000000e+00
   3.59366951e+00    5.38003427e-02    2.00000000e-01    0.00000000e+00
   3.71772267e+00    9.21130669e-03    2.00000000e-01    0.00000000e+00
   3.79224292e+00    4.82783675e-02    2.00000000e-01    0.00000000e+00
   3.97786211e+00    2.72143236e-02    2.00000000e-01    0.00000000e+00
   4.09841816e+00    1.02442053e-01    2.00000000e-01    0.00000000e+00
   4.26998461e+00    3.20114453e-02    2.00000000e-01    0.00000000e+00
   4.45854542e+00    4.99662046e-02    2.00000000e-01    0.00000000e+00
   4.66959144e+00    6.07645242e-02    2.00000000e-01    0.00000000e+00
   4.88187118e+00    1.15016204e-01    2.00000000e-01    0.00000000e+00
   5.10111244e+00    1.11147004e-01    2.00000000e-01    0.00000000e+00
   5.32135778e+00    9.85281330e-02    2.00000000e-01    0.00000000e+00
   5.78025835e+00    5.77768913e-02    2.00000000e-01    0.00000000e+00
   6.30019905e+00    1.34926917e-01    2.00000000e-01    0.00000000e+00
   7.00169914e+00    1.37303860e-01    2.00000000e-01    0.00000000e+00
   7.74989936e+00    1.97160228e-01    2.00000000e-01    0.00000000e+00
   9.11123097e+00    3.12441057e-01    2.00000000e-01    0.00000000e+00
   9.88431670e+00    6.85198664e-02    2.00000000e-01    0.00000000e+00
   1.13007592e+01    7.53048142e-01    2.00000000e-01    0.00000000e+00
   1.28528638e+01    5.61300188e-01    2.00000000e-01    0.00000000e+00
   1.52615411e+01    3.60778762e-01    2.00000000e-01    0.00000000e+00
   1.80953022e+01    1.53974207e-01    2.00000000e-01    0.00000000e+00
   2.11917264e+01    4.20537735e-01    2.00000000e-01    0.00000000e+00
   2.60997653e+01    5.35201091e-01    2.00000000e-01    0.00000000e+00
   3.25319483e+01    6.98616786e-01    2.00000000e-01    0.00000000e+00
   3.87989649e+01    6.92946751e-01    2.00000000e-01    0.00000000e+00
   5.05718240e+01    6.34331279e-01    2.00000000e-01    0.00000000e+00
   5.74375170e+01    8.96427638e-01    2.00000000e-01    0.00000000e+00
   6.69941191e+01    1.29551322e+00    2.00000000e-01    0.00000000e+00
   7.89869631e+01    1.97044102e+00    2.00000000e-01    0.00000000e+00
   9.11703279e+01    2.36442440e+00    2.00000000e-01    0.00000000e+00
   1.06170400e+02    3.11919424e+00    2.00000000e-01    0.00000000e+00
   1.28117107e+02    4.11589169e+00    2.00000000e-01    0.00000000e+00
   1.60320187e+02    2.99174293e+00    2.00000000e-01    0.00000000e+00
   1.98879951e+02    7.82790593e+00    2.00000000e-01    0.00000000e+00
   2.45030923e+02    1.30724683e+01    2.00000000e-01    0.00000000e+00
   2.96022664e+02    6.33227845e+00    2.00000000e-01    0.00000000e+00
   3.88845077e+02    1.72607670e+01    2.00000000e-01    0.00000000e+00
   5.15936131e+02    4.71146203e+01    2.00000000e-01    0.00000000e+00
   6.31761090e+02    3.99466837e+01    2.00000000e-01    0.00000000e+00
   8.81495832e+02    2.16405880e+02    2.00000000e-01    0.00000000e+00
   1.15475477e+03    5.43682534e+01    2.00000000e-01    0.00000000e+00
   1.60578116e+03    8.20774303e+01    2.00000000e-01    0.00000000e+00
   2.18943513e+03    3.43087299e+01    2.00000000e-01    0.00000000e+00
   3.00717466e+03    2.06495996e+02    2.00000000e-01    0.00000000e+00
   4.94469703e+03    1.29263087e+02    2.00000000e-01    0.00000000e+00
   6.93449153e+03    3.57484705e+02    2.00000000e-01    0.00000000e+00
   1.14542759e+04    2.66530341e+03    2.00000000e-01    0.00000000e+00
   1.50492548e+04    1.47011747e+03    2.00000000e-01    0.00000000e+00
   2.73523508e+04    4.55969264e+03    2.00000000e-01    0.00000000e+00
