   2.00000000e+00    0.00000000e+00    1.99980640e+01    2.21196282e-03    5.90152542e+02    1.67425825e-02    4.54154520e+01    2.07204573e-03    4.54154520e+01    2.07204573e-03    7.54050485e+01    3.36624275e-03
   2.00000000e+00    0.00000000e+00    1.94991680e+01    9.80364473e-04    5.83565585e+02    4.25967285e-02    4.47621365e+01    4.78249111e-03    4.47621365e+01    4.78249111e-03    7.40035760e+01    5.92668719e-03
   2.00000000e+00    0.00000000e+00    1.89984975e+01    1.92764111e-03    5.76934900e+02    3.12377264e-02    4.41043190e+01    4.14984114e-03    4.41043190e+01    4.14984114e-03    7.25949418e+01    1.34617911e-03
   2.00000000e+00    0.00000000e+00    1.84985312e+01    8.88665397e-04    5.70209452e+02    2.15063053e-02    4.34354737e+01    2.55710269e-03    4.34354737e+01    2.55710269e-03    7.11763340e+01    2.83853510e-03
   2.00000000e+00    0.00000000e+00    1.79976315e+01    3.12762438e-03    5.63491520e+02    2.30339608e-02    4.27679875e+01    2.11179231e-03    4.27679875e+01    2.11179231e-03    6.97576858e+01    6.53985227e-03
   2.00000000e+00    0.00000000e+00    1.74983178e+01    1.44975056e-03    5.56657655e+02    9.89286738e-03    4.20866915e+01    1.35086296e-03    4.20866915e+01    1.35086296e-03    6.83276065e+01    1.52501172e-03
   2.00000000e+00    0.00000000e+00    1.70005407e+01    2.28896738e-03    5.49753152e+02    3.01039569e-02    4.13971498e+01    3.60178861e-03    4.13971498e+01    3.60178861e-03    6.68915858e+01    4.64227107e-03
   2.00000000e+00    0.00000000e+00    1.65007345e+01    1.53378315e-03    5.42797852e+02    2.34753438e-02    4.07025405e+01    2.42810806e-03    4.07025405e+01    2.42810806e-03    6.54474542e+01    4.40979724e-03
   2.00000000e+00    0.00000000e+00    1.60013820e+01    1.90763034e-03    5.35758985e+02    1.24831837e-02    3.99982875e+01    1.68229791e-03    3.99982875e+01    1.68229791e-03    6.39943602e+01    2.36595788e-03
   2.00000000e+00    0.00000000e+00    1.54999547e+01    1.17454276e-03    5.28600330e+02    1.74814230e-02    3.92808285e+01    2.12732161e-03    3.92808285e+01    2.12732161e-03    6.25249483e+01    1.95177232e-03
   2.00000000e+00    0.00000000e+00    1.50008365e+01    1.99274566e-03    5.21388688e+02    1.19667506e-02    3.85570122e+01    1.56534220e-03    3.85570122e+01    1.56534220e-03    6.10526417e+01    2.69367726e-03
   2.00000000e+00    0.00000000e+00    1.44996500e+01    9.50169195e-04    5.14137250e+02    1.66509114e-02    3.78292050e+01    1.78739084e-03    3.78292050e+01    1.78739084e-03    5.95732427e+01    2.61341227e-03
   2.00000000e+00    0.00000000e+00    1.39993812e+01    6.17651753e-04    5.06738893e+02    1.35633262e-02    3.70844813e+01    1.64095451e-03    3.70844813e+01    1.64095451e-03    5.80783032e+01    1.53463129e-03
   2.00000000e+00    0.00000000e+00    1.34978898e+01    3.57031074e-04    4.99266343e+02    2.35988987e-02    3.63318305e+01    2.79168717e-03    3.63318305e+01    2.79168717e-03    5.65736035e+01    2.96835902e-03
   2.00000000e+00    0.00000000e+00    1.29993255e+01    5.14709870e-04    4.91696872e+02    1.81647480e-02    3.55675398e+01    2.17277787e-03    3.55675398e+01    2.17277787e-03    5.50616537e+01    2.32237113e-03
   2.00000000e+00    0.00000000e+00    1.25002947e+01    1.01351921e-03    4.83998895e+02    1.14956959e-02    3.47887985e+01    1.30047559e-03    3.47887985e+01    1.30047559e-03    5.35345533e+01    2.04632859e-03
   2.00000000e+00    0.00000000e+00    1.19999150e+01    1.40221913e-03    4.76258308e+02    1.93994025e-02    3.40056048e+01    2.00450971e-03    3.40056048e+01    2.00450971e-03    5.20009773e+01    3.78323726e-03
   2.00000000e+00    0.00000000e+00    1.14984745e+01    7.62589175e-04    4.68326810e+02    1.65544964e-02    3.32010205e+01    1.71983146e-03    3.32010205e+01    1.71983146e-03    5.04444197e+01    2.81842246e-03
   2.00000000e+00    0.00000000e+00    1.09993630e+01    1.21251000e-03    4.60331647e+02    1.82940364e-02    3.23888795e+01    2.52870308e-03    3.23888795e+01    2.52870308e-03    4.88837990e+01    1.05288295e-03
   2.00000000e+00    0.00000000e+00    1.04993907e+01    1.07194621e-03    4.52187572e+02    1.15578488e-02    3.15601455e+01    1.49090484e-03    3.15601455e+01    1.49090484e-03    4.73052940e+01    1.77629784e-03
   2.00000000e+00    0.00000000e+00    1.00004464e+01    1.43815833e-03    4.43917762e+02    2.38395547e-02    3.07170267e+01    2.48084858e-03    3.07170267e+01    2.48084858e-03    4.57139460e+01    4.62466004e-03
   2.00000000e+00    0.00000000e+00    9.89960397e+00    1.12494185e-03    4.42253895e+02    1.94519697e-02    3.05475860e+01    2.11085563e-03    3.05475860e+01    2.11085563e-03    4.53932795e+01    3.07577287e-03
   2.00000000e+00    0.00000000e+00    9.79939335e+00    7.72934281e-04    4.40574355e+02    2.14802299e-02    3.03761917e+01    2.25525856e-03    3.03761917e+01    2.25525856e-03    4.50716065e+01    3.38373998e-03
   2.00000000e+00    0.00000000e+00    9.69928310e+00    8.31233797e-04    4.38900930e+02    2.10927677e-02    3.02053328e+01    2.66675780e-03    3.02053328e+01    2.66675780e-03    4.47506203e+01    1.68873568e-03
   2.00000000e+00    0.00000000e+00    9.60077665e+00    3.48393761e-04    4.37222165e+02    1.80443184e-02    3.00338200e+01    2.08874711e-03    3.00338200e+01    2.08874711e-03    4.44313847e+01    2.49874922e-03
   2.00000000e+00    0.00000000e+00    9.50046670e+00    9.88776327e-04    4.35530220e+02    1.21098410e-02    2.98609488e+01    1.24273778e-03    2.98609488e+01    1.24273778e-03    4.41080860e+01    2.63058748e-03
   2.00000000e+00    0.00000000e+00    9.39994417e+00    1.33534475e-03    4.33825973e+02    4.25247124e-02    2.96867698e+01    4.79801404e-03    2.96867698e+01    4.79801404e-03    4.37831608e+01    5.47797820e-03
   2.00000000e+00    0.00000000e+00    9.30012185e+00    1.32631978e-03    4.32108563e+02    1.16944568e-02    2.95110318e+01    1.33990249e-03    2.95110318e+01    1.33990249e-03    4.34577267e+01    2.09056588e-03
   2.00000000e+00    0.00000000e+00    9.19986095e+00    1.00874777e-03    4.30424857e+02    2.24078629e-02    2.93392332e+01    2.62559940e-03    2.93392332e+01    2.62559940e-03    4.31355745e+01    3.28377896e-03
   2.00000000e+00    0.00000000e+00    9.16959227e+00    6.43898833e-04    4.29897555e+02    3.82351471e-02    2.92852318e+01    4.30878692e-03    2.92852318e+01    4.30878692e-03    4.30361820e+01    4.57547314e-03
   2.00000000e+00    0.00000000e+00    9.12982142e+00    1.85391321e-03    4.29223678e+02    1.30381256e-02    2.92163293e+01    1.21437152e-03    2.92163293e+01    1.21437152e-03    4.29076375e+01    3.49743938e-03
   2.00000000e+00    0.00000000e+00    9.10042565e+00    1.21944751e-03    4.28677597e+02    1.18118084e-02    2.91598843e+01    1.73848963e-03    2.91598843e+01    1.73848963e-03    4.28071103e+01    8.35629815e-04
   2.00000000e+00    0.00000000e+00    9.07033550e+00    7.00037110e-04    4.28165940e+02    1.93835845e-02    2.91077962e+01    2.33226418e-03    2.91077962e+01    2.33226418e-03    4.27098982e+01    2.52554928e-03
   2.00000000e+00    0.00000000e+00    9.03098120e+00    9.45680924e-04    4.27485040e+02    9.77228479e-03    2.90379593e+01    1.13664383e-03    2.90379593e+01    1.13664383e-03    4.25810445e+01    1.77670151e-03
   2.00000000e+00    0.00000000e+00    9.00048435e+00    9.45547507e-04    4.26961160e+02    1.92172618e-02    2.89843215e+01    2.02170899e-03    2.89843215e+01    2.02170899e-03    4.24816728e+01    3.32653704e-03
   2.00000000e+00    0.00000000e+00    8.97002840e+00    1.49703288e-03    4.26457830e+02    8.53164990e-03    2.89331445e+01    7.29727860e-04    2.89331445e+01    7.29727860e-04    4.23848232e+01    2.94813173e-03
   2.00000000e+00    0.00000000e+00    8.92986308e+00    1.95673244e-03    4.25773090e+02    2.38510126e-02    2.88632528e+01    2.64092923e-03    2.88632528e+01    2.64092923e-03    4.22546985e+01    4.56739797e-03
   2.00000000e+00    0.00000000e+00    8.90006873e+00    3.42615414e-04    4.25259945e+02    1.96605754e-02    2.88107162e+01    2.31883606e-03    2.88107162e+01    2.31883606e-03    4.21574818e+01    2.08600807e-03
   2.00000000e+00    0.00000000e+00    8.87036075e+00    7.89158430e-04    4.24752760e+02    2.42739449e-02    2.87587233e+01    2.75037874e-03    2.87587233e+01    2.75037874e-03    4.20609377e+01    3.52043303e-03
   2.00000000e+00    0.00000000e+00    8.83002335e+00    9.11307869e-04    4.24038997e+02    2.30520784e-02    2.86855265e+01    2.51748153e-03    2.86855265e+01    2.51748153e-03    4.19272500e+01    3.06228926e-03
   2.00000000e+00    0.00000000e+00    8.79951700e+00    9.74086277e-04    4.23522815e+02    1.22574661e-02    2.86328330e+01    1.30990267e-03    2.86328330e+01    1.30990267e-03    4.18288088e+01    2.27944252e-03
   2.00000000e+00    0.00000000e+00    8.70058902e+00    8.50103921e-04    4.21794665e+02    2.40513924e-02    2.84556870e+01    2.86758008e-03    2.84556870e+01    2.86758008e-03    4.15033078e+01    2.22083187e-03
   2.00000000e+00    0.00000000e+00    8.60043930e+00    8.76141829e-04    4.20033240e+02    1.43935472e-02    2.82750275e+01    1.64599005e-03    2.82750275e+01    1.64599005e-03    4.11724615e+01    1.95895821e-03
   2.00000000e+00    0.00000000e+00    8.50006240e+00    7.21125641e-04    4.18257542e+02    1.35731488e-02    2.80927630e+01    1.61324936e-03    2.80927630e+01    1.61324936e-03    4.08396693e+01    1.58986876e-03
   2.00000000e+00    0.00000000e+00    8.39994577e+00    1.02141476e-03    4.16521840e+02    2.67846561e-02    2.79151072e+01    2.97304073e-03    2.79151072e+01    2.97304073e-03    4.05118758e+01    3.86115762e-03
   2.00000000e+00    0.00000000e+00    8.35097247e+00    1.74860505e-03    4.15637108e+02    1.00180996e-02    2.78240477e+01    9.93357533e-04    2.78240477e+01    9.93357533e-04    4.03473748e+01    3.11582456e-03
   2.00000000e+00    0.00000000e+00    8.29945085e+00    1.46463942e-03    4.14756770e+02    3.81463596e-02    2.77340787e+01    4.16637291e-03    2.77340787e+01    4.16637291e-03    4.01801425e+01    6.11165221e-03
   2.00000000e+00    0.00000000e+00    8.24995585e+00    1.04717545e-03    4.13899765e+02    2.33430616e-02    2.76464112e+01    2.59657730e-03    2.76464112e+01    2.59657730e-03    4.00182515e+01    3.21071195e-03
   2.00000000e+00    0.00000000e+00    8.20073875e+00    6.40611452e-04    4.12980283e+02    1.90268040e-02    2.75515535e+01    2.12946243e-03    2.75515535e+01    2.12946243e-03    3.98495865e+01    2.50389991e-03
   2.00000000e+00    0.00000000e+00    8.14902885e+00    4.77131766e-04    4.12102453e+02    1.99498513e-02    2.74619723e+01    2.46006935e-03    2.74619723e+01    2.46006935e-03    3.96824595e+01    2.70862737e-03
   2.00000000e+00    0.00000000e+00    8.10009195e+00    6.26233936e-04    4.11172307e+02    2.99680500e-02    2.73657425e+01    3.54219371e-03    2.73657425e+01    3.54219371e-03    3.95128427e+01    3.94400947e-03
   2.00000000e+00    0.00000000e+00    8.04953657e+00    1.63666082e-03    4.10314000e+02    1.10588878e-02    2.72781650e+01    1.50389843e-03    2.72781650e+01    1.50389843e-03    3.93494510e+01    1.76896255e-03
   2.00000000e+00    0.00000000e+00    8.00021195e+00    1.46338756e-03    4.09412315e+02    2.84796212e-02    2.71851303e+01    3.00783738e-03    2.71851303e+01    3.00783738e-03    3.91824483e+01    5.02333964e-03
   2.00000000e+00    0.00000000e+00    7.95078500e+00    7.58995142e-04    4.08514030e+02    3.63109880e-02    2.70928145e+01    4.06919332e-03    2.70928145e+01    4.06919332e-03    3.90160105e+01    4.92019077e-03
   2.00000000e+00    0.00000000e+00    7.90067138e+00    4.84379048e-04    4.07608243e+02    1.75314280e-02    2.69996308e+01    2.00391135e-03    2.69996308e+01    2.00391135e-03    3.88476750e+01    2.10311662e-03
   2.00000000e+00    0.00000000e+00    7.84934820e+00    7.17245108e-04    4.06702922e+02    1.73192528e-02    2.69068508e+01    1.79061824e-03    2.69068508e+01    1.79061824e-03    3.86779295e+01    2.80579530e-03
   2.00000000e+00    0.00000000e+00    7.79976475e+00    2.93001847e-04    4.05829547e+02    3.09518282e-02    2.68172632e+01    3.60290538e-03    2.68172632e+01    3.60290538e-03    3.85139857e+01    3.64657088e-03
   2.00000000e+00    0.00000000e+00    7.75039740e+00    8.47895418e-04    4.04892650e+02    1.41078134e-02    2.67203290e+01    1.64418110e-03    2.67203290e+01    1.64418110e-03    3.83430185e+01    2.45196437e-03
   2.00000000e+00    0.00000000e+00    7.69992000e+00    3.97340352e-04    4.03943377e+02    1.44326061e-02    2.66223180e+01    1.60667529e-03    2.66223180e+01    1.60667529e-03    3.81693108e+01    1.97836136e-03
   2.00000000e+00    0.00000000e+00    7.64966973e+00    1.20572865e-03    4.03086378e+02    2.79226694e-02    2.65349438e+01    3.31156824e-03    2.65349438e+01    3.31156824e-03    3.80065795e+01    2.19096434e-03
   2.00000000e+00    0.00000000e+00    7.59973377e+00    8.41006202e-04    4.02159182e+02    2.46919080e-02    2.64392522e+01    2.91542179e-03    2.64392522e+01    2.91542179e-03    3.78360030e+01    2.24670837e-03
   2.00000000e+00    0.00000000e+00    7.55086658e+00    1.44308178e-03    4.01266415e+02    2.73973270e-02    2.63472582e+01    3.01380834e-03    2.63472582e+01    3.01380834e-03    3.76707268e+01    4.51258969e-03
   2.00000000e+00    0.00000000e+00    7.50033945e+00    1.00967417e-03    4.00339902e+02    4.89263280e-02    2.62519457e+01    5.40282793e-03    2.62519457e+01    5.40282793e-03    3.74996420e+01    6.02414206e-03
   2.00000000e+00    0.00000000e+00    7.44996707e+00    1.17889636e-03    3.99444802e+02    2.66610318e-02    2.61600033e+01    2.97226836e-03    2.61600033e+01    2.97226836e-03    3.73321600e+01    3.64401942e-03
   2.00000000e+00    0.00000000e+00    7.39941873e+00    8.24152505e-04    3.98494775e+02    2.20239205e-02    2.60619733e+01    2.46403403e-03    2.60619733e+01    2.46403403e-03    3.71583265e+01    2.41588643e-03
   2.00000000e+00    0.00000000e+00    7.34978838e+00    3.28642597e-04    3.97578060e+02    2.82643583e-02    2.59675342e+01    3.35071958e-03    2.59675342e+01    3.35071958e-03    3.69894608e+01    3.42829086e-03
   2.00000000e+00    0.00000000e+00    7.29950968e+00    8.05294972e-04    3.96671163e+02    3.67927190e-02    2.58744477e+01    4.30668372e-03    2.58744477e+01    4.30668372e-03    3.68209747e+01    3.61340714e-03
   2.00000000e+00    0.00000000e+00    7.24932603e+00    1.02623262e-03    3.95782782e+02    2.01676714e-02    2.57833688e+01    2.42821976e-03    2.57833688e+01    2.42821976e-03    3.66546395e+01    1.95206525e-03
   2.00000000e+00    0.00000000e+00    7.20022255e+00    9.47343434e-04    3.94843157e+02    3.94974084e-02    2.56859650e+01    4.35968101e-03    2.56859650e+01    4.35968101e-03    3.64835990e+01    5.34278752e-03
   2.00000000e+00    0.00000000e+00    7.10031015e+00    6.95648562e-04    3.92975013e+02    3.38522772e-02    2.54932363e+01    3.89052287e-03    2.54932363e+01    3.89052287e-03    3.61410387e+01    4.20573807e-03
   2.00000000e+00    0.00000000e+00    6.99939128e+00    6.59737650e-04    3.91137592e+02    3.99596618e-02    2.53044920e+01    4.52983537e-03    2.53044920e+01    4.52983537e-03    3.58009542e+01    5.47444182e-03
   2.00000000e+00    0.00000000e+00    6.90009465e+00    8.44955687e-04    3.89232272e+02    3.53672634e-02    2.51071735e+01    4.11405910e-03    2.51071735e+01    4.11405910e-03    3.54547283e+01    3.90758860e-03
   2.00000000e+00    0.00000000e+00    6.79970400e+00    6.52051006e-04    3.87377843e+02    2.97649218e-02    2.49164743e+01    3.32019611e-03    2.49164743e+01    3.32019611e-03    3.51134805e+01    3.73604400e-03
   2.00000000e+00    0.00000000e+00    6.69987420e+00    1.12299906e-03    3.85444322e+02    5.42350981e-02    2.47162565e+01    6.08497019e-03    2.47162565e+01    6.08497019e-03    3.47635552e+01    7.44395038e-03
   2.00000000e+00    0.00000000e+00    6.60044157e+00    9.95558633e-04    3.83611192e+02    3.84660047e-02    2.45275207e+01    4.26265330e-03    2.45275207e+01    4.26265330e-03    3.44257080e+01    5.01417331e-03
   2.00000000e+00    0.00000000e+00    6.49933848e+00    9.35612084e-04    3.81742840e+02    4.13114827e-02    2.43351880e+01    4.84603431e-03    2.43351880e+01    4.84603431e-03    3.40817583e+01    4.96052318e-03
   2.00000000e+00    0.00000000e+00    6.39948220e+00    6.58142614e-04    3.79781588e+02    5.12264660e-02    2.41315537e+01    5.96471946e-03    2.41315537e+01    5.96471946e-03    3.37283773e+01    5.54206628e-03
   2.00000000e+00    0.00000000e+00    6.30015858e+00    4.81042121e-04    3.77831333e+02    8.01476298e-02    2.39296818e+01    9.07422397e-03    2.39296818e+01    9.07422397e-03    3.33775572e+01    8.72296464e-03
   2.00000000e+00    0.00000000e+00    6.19950665e+00    2.38372508e-04    3.75888840e+02    4.14419142e-02    2.37287357e+01    4.99425887e-03    2.37287357e+01    4.99425887e-03    3.30256713e+01    5.26753587e-03
   2.00000000e+00    0.00000000e+00    6.09980647e+00    8.66824476e-04    3.73974315e+02    8.91240463e-02    2.35308305e+01    1.02130613e-02    2.35308305e+01    1.02130613e-02    3.26782527e+01    1.12793880e-02
   2.00000000e+00    0.00000000e+00    6.00010550e+00    7.38061901e-04    3.71983698e+02    5.71500842e-02    2.33242690e+01    6.69809372e-03    2.33242690e+01    6.69809372e-03    3.23221770e+01    5.60731018e-03
   2.00000000e+00    0.00000000e+00    5.89957342e+00    4.37527716e-04    3.70018043e+02    6.86334228e-02    2.31205287e+01    7.74572083e-03    2.31205287e+01    7.74572083e-03    3.19676768e+01    8.00448313e-03
   2.00000000e+00    0.00000000e+00    5.79948588e+00    6.23127345e-05    3.68516788e+02    3.30032168e-02    2.29706383e+01    3.77742620e-03    2.29706383e+01    3.77742620e-03    3.16676923e+01    3.70401427e-03
   2.00000000e+00    0.00000000e+00    5.70011677e+00    6.94996598e-04    3.66513390e+02    2.34191780e-02    2.27624105e+01    2.82333150e-03    2.27624105e+01    2.82333150e-03    3.13104480e+01    3.40211052e-03
   2.00000000e+00    0.00000000e+00    5.64959277e+00    4.39325559e-04    3.65527200e+02    3.48877242e-02    2.26604802e+01    4.05604674e-03    2.26604802e+01    4.05604674e-03    3.11327513e+01    3.46091291e-03
   2.00000000e+00    0.00000000e+00    5.59989287e+00    4.66752999e-04    3.64494495e+02    4.15951785e-02    2.25527457e+01    4.79085182e-03    2.25527457e+01    4.79085182e-03    3.09504850e+01    4.96810165e-03
   2.00000000e+00    0.00000000e+00    5.55033562e+00    8.34044251e-04    3.63462257e+02    5.47169724e-02    2.24451405e+01    6.15087801e-03    2.24451405e+01    6.15087801e-03    3.07685625e+01    7.17977710e-03
   2.00000000e+00    0.00000000e+00    5.49980823e+00    1.05233861e-03    3.62485643e+02    5.03243690e-02    2.23440783e+01    5.72752322e-03    2.23440783e+01    5.72752322e-03    3.05917280e+01    6.56902493e-03
   2.00000000e+00    0.00000000e+00    5.44939913e+00    4.23178877e-04    3.61513132e+02    6.24188042e-02    2.22436080e+01    7.27057288e-03    2.22436080e+01    7.27057288e-03    3.04156633e+01    7.25009877e-03
   2.00000000e+00    0.00000000e+00    5.39982970e+00    2.82940480e-04    3.60479020e+02    5.57990927e-02    2.21359557e+01    6.51183182e-03    2.21359557e+01    6.51183182e-03    3.02336753e+01    6.47162276e-03
   2.00000000e+00    0.00000000e+00    5.34948480e+00    6.11080081e-04    3.59411083e+02    2.44473489e-02    2.20242275e+01    2.85453503e-03    2.20242275e+01    2.85453503e-03    3.00464487e+01    3.53174379e-03
   2.00000000e+00    0.00000000e+00    5.30001855e+00    1.72463511e-04    3.58361128e+02    4.58385549e-02    2.19147385e+01    5.02681512e-03    2.19147385e+01    5.02681512e-03    2.98627787e+01    4.98796664e-03
   2.00000000e+00    0.00000000e+00    5.24989060e+00    1.05913952e-03    3.57353603e+02    8.65675471e-02    2.18101270e+01    9.94090207e-03    2.18101270e+01    9.94090207e-03    2.96829945e+01    1.07061013e-02
   2.00000000e+00    0.00000000e+00    5.20003357e+00    4.27532212e-04    3.56389595e+02    2.65565063e-02    2.17102700e+01    3.04941986e-03    2.17102700e+01    3.04941986e-03    2.95083708e+01    2.76118194e-03
   2.00000000e+00    0.00000000e+00    5.14979753e+00    6.30527614e-04    3.55310235e+02    4.78065521e-02    2.15976570e+01    5.83850953e-03    2.15976570e+01    5.83850953e-03    2.93204223e+01    6.00929282e-03
   2.00000000e+00    0.00000000e+00    5.09984875e+00    4.50872829e-04    3.54260720e+02    1.41595540e-01    2.14883030e+01    1.63303295e-02    2.14883030e+01    1.63303295e-02    2.91361635e+01    1.57038510e-02
   2.00000000e+00    0.00000000e+00    5.04959765e+00    5.34407590e-04    3.53259990e+02    8.00930599e-02    2.13845280e+01    9.10312674e-03    2.13845280e+01    9.10312674e-03    2.89570310e+01    8.98579053e-03
   2.00000000e+00    0.00000000e+00    5.00001098e+00    5.04827170e-04    3.52240083e+02    2.26872671e-01    2.12783290e+01    2.64630447e-02    2.12783290e+01    2.64630447e-02    2.87764700e+01    2.65149293e-02
   2.00000000e+00    0.00000000e+00    4.94880040e+00    7.09381121e-04    3.51177542e+02    5.53211426e-02    2.11676902e+01    6.60769636e-03    2.11676902e+01    6.60769636e-03    2.85890353e+01    5.87213008e-03
   2.00000000e+00    0.00000000e+00    4.90041958e+00    2.64976625e-04    3.50107815e+02    7.21820911e-02    2.10557742e+01    8.27769447e-03    2.10557742e+01    8.27769447e-03    2.84045660e+01    8.53865935e-03
   2.00000000e+00    0.00000000e+00    4.84995500e+00    6.32873388e-04    3.49084387e+02    3.05823187e-02    2.09493977e+01    3.42048223e-03    2.09493977e+01    3.42048223e-03    2.82225113e+01    4.13950531e-03
   2.00000000e+00    0.00000000e+00    4.79941905e+00    2.24289606e-04    3.48084875e+02    9.69205449e-02    2.08459142e+01    1.11344465e-02    2.08459142e+01    1.11344465e-02    2.80432432e+01    1.11967434e-02
   2.00000000e+00    0.00000000e+00    4.74950750e+00    4.81697296e-04    3.46895050e+02    4.14229037e-02    2.07197237e+01    4.64795834e-03    2.07197237e+01    4.64795834e-03    2.78422037e+01    4.66133309e-03
   2.00000000e+00    0.00000000e+00    4.69949800e+00    6.85433706e-04    3.45867270e+02    5.86522365e-02    2.06132233e+01    7.01466929e-03    2.06132233e+01    7.01466929e-03    2.76607080e+01    6.15016703e-03
   2.00000000e+00    0.00000000e+00    4.64959788e+00    6.73082697e-04    3.44731418e+02    2.58022481e-01    2.04938198e+01    2.96177652e-02    2.04938198e+01    2.96177652e-02    2.74664730e+01    3.02835283e-02
   2.00000000e+00    0.00000000e+00    4.60012058e+00    6.75287377e-04    3.43816110e+02    1.25053692e-01    2.03994965e+01    1.39747272e-02    2.03994965e+01    1.39747272e-02    2.72979525e+01    1.45271426e-02
   2.00000000e+00    0.00000000e+00    4.54975198e+00    9.33818626e-04    3.42540815e+02    2.21554896e-01    2.02645808e+01    2.48334637e-02    2.02645808e+01    2.48334637e-02    2.70875025e+01    2.56849303e-02
