   6.62500000e-01    3.75000000e-02    1.30119092e+00    3.19263868e-03    2.00000000e+00
   6.86250000e-01    1.02316910e-02    1.30519775e+00    1.69083319e-03    2.00000000e+00
   7.46250000e-01    5.01715806e-02    1.31148270e+00    3.16143941e-03    2.00000000e+00
   7.15000000e-01    3.58817502e-02    1.31374498e+00    6.59359496e-03    2.00000000e+00
   7.41250000e-01    4.72195669e-02    1.31217080e+00    2.75456619e-03    2.00000000e+00
   7.93750000e-01    4.14578099e-03    1.31655600e+00    2.82082284e-03    2.00000000e+00
   8.00000000e-01    2.93683503e-02    1.32105753e+00    4.04912023e-03    2.00000000e+00
   8.30000000e-01    3.95284708e-02    1.32770020e+00    5.01666476e-03    2.00000000e+00
   8.38750000e-01    4.90376131e-02    1.33226630e+00    2.84594245e-03    2.00000000e+00
   8.98750000e-01    6.18844690e-02    1.33373065e+00    4.89435730e-03    2.00000000e+00
   9.67500000e-01    3.64862988e-02    1.33857810e+00    3.57480917e-03    2.00000000e+00
   9.23750000e-01    2.63094565e-02    1.33862623e+00    5.38261754e-03    2.00000000e+00
   9.63750000e-01    3.69754986e-02    1.34415792e+00    3.37160708e-03    2.00000000e+00
   9.73750000e-01    3.50669003e-02    1.34850450e+00    5.72600340e-03    2.00000000e+00
   9.58750000e-01    6.11734215e-02    1.34747425e+00    5.68870317e-03    2.00000000e+00
   9.36250000e-01    2.90204669e-02    1.34692345e+00    2.56311161e-03    2.00000000e+00
   1.04875000e+00    6.10711675e-02    1.35401100e+00    1.98185124e-03    2.00000000e+00
   1.03500000e+00    4.07737661e-02    1.35770592e+00    5.54612987e-03    2.00000000e+00
   1.03000000e+00    4.63680925e-02    1.35946000e+00    3.21062740e-03    2.00000000e+00
   1.08625000e+00    2.48432586e-02    1.36028817e+00    4.16029846e-03    2.00000000e+00
   1.13250000e+00    8.40014881e-02    1.36304747e+00    4.09372707e-03    2.00000000e+00
   1.15750000e+00    5.57337420e-02    1.36244505e+00    6.26833002e-03    2.00000000e+00
   1.21750000e+00    6.17960355e-02    1.36552568e+00    5.96709594e-03    2.00000000e+00
   1.27750000e+00    1.00778222e-01    1.37299862e+00    5.82816444e-03    2.00000000e+00
   1.21000000e+00    6.55743852e-02    1.37254698e+00    3.16604403e-03    1.00000000e+00
   1.19000000e+00    3.31662479e-02    1.37559225e+00    1.73470610e-03    1.00000000e+00
   1.24000000e+00    2.82842712e-02    1.37808680e+00    1.51050250e-03    1.00000000e+00
   1.20000000e+00    2.82842712e-02    1.37800712e+00    3.12027036e-03    1.00000000e+00
   1.28000000e+00    2.82842712e-02    1.38085850e+00    7.55888576e-04    1.00000000e+00
   1.32000000e+00    6.32455532e-02    1.38183582e+00    1.03241883e-03    1.00000000e+00
   1.35000000e+00    3.31662479e-02    1.38646760e+00    3.21749352e-03    1.00000000e+00
   1.40000000e+00    7.48331477e-02    1.38492423e+00    2.73774506e-03    1.00000000e+00
   1.39000000e+00    4.35889894e-02    1.38794005e+00    2.90137485e-03    1.00000000e+00
   1.34000000e+00    3.46410162e-02    1.39078978e+00    1.32113793e-03    1.00000000e+00
   1.38000000e+00    6.00000000e-02    1.39292920e+00    8.78414253e-04    1.00000000e+00
   1.36000000e+00    2.82842712e-02    1.39215915e+00    9.35250695e-04    1.00000000e+00
   1.42000000e+00    4.47213595e-02    1.39419337e+00    4.61077061e-03    1.00000000e+00
   1.48000000e+00    4.89897949e-02    1.39911050e+00    2.58588155e-03    1.00000000e+00
   1.46000000e+00    2.00000000e-02    1.40094445e+00    3.20025136e-03    1.00000000e+00
   1.54000000e+00    4.47213595e-02    1.40096647e+00    2.04222522e-03    1.00000000e+00
   1.63000000e+00    5.91607978e-02    1.40613365e+00    1.91158032e-03    1.00000000e+00
   1.50000000e+00    9.16515139e-02    1.40616935e+00    3.89947719e-03    1.00000000e+00
   1.59000000e+00    5.19615242e-02    1.40761863e+00    2.94994023e-03    1.00000000e+00
   1.64000000e+00    8.48528137e-02    1.41341530e+00    2.16332134e-03    1.00000000e+00
   1.69000000e+00    6.55743852e-02    1.41809458e+00    2.90181287e-03    1.00000000e+00
   1.72000000e+00    2.82842712e-02    1.41526485e+00    3.10200324e-03    1.00000000e+00
   1.81000000e+00    7.68114575e-02    1.41989560e+00    1.31285934e-03    1.00000000e+00
   1.94000000e+00    2.00000000e-02    1.42572272e+00    3.48728081e-03    1.00000000e+00
   1.89000000e+00    1.84119526e-01    1.42828687e+00    4.06563875e-03    1.00000000e+00
   2.01000000e+00    1.86279360e-01    1.43727645e+00    5.06327113e-03    1.00000000e+00
   2.05000000e+00    1.30766968e-01    1.44093635e+00    3.59096260e-03    1.00000000e+00
   2.13000000e+00    9.94987437e-02    1.45190513e+00    4.28020583e-03    1.00000000e+00
   2.21000000e+00    8.66025404e-02    1.45429772e+00    2.38964597e-03    1.00000000e+00
   2.33000000e+00    1.24498996e-01    1.46245008e+00    3.19170260e-03    1.00000000e+00
   2.51000000e+00    9.11043358e-02    1.46290787e+00    3.96524828e-03    1.00000000e+00
   2.53000000e+00    1.55884573e-01    1.46929950e+00    1.23435148e-03    1.00000000e+00
   2.51000000e+00    1.58429795e-01    1.47095923e+00    4.73049199e-03    1.00000000e+00
   2.82000000e+00    1.34164079e-01    1.47072160e+00    1.77564012e-03    1.00000000e+00
   2.89000000e+00    1.36747943e-01    1.47837007e+00    3.00866032e-03    1.00000000e+00
   2.75000000e+00    1.47986486e-01    1.48606467e+00    4.78395664e-03    1.00000000e+00
   2.90000000e+00    1.14891253e-01    1.48998978e+00    6.52884967e-03    1.00000000e+00
   3.01000000e+00    1.77482393e-01    1.49928047e+00    2.40738875e-03    1.00000000e+00
   3.19000000e+00    6.55743852e-02    1.50279867e+00    1.66722546e-03    1.00000000e+00
   3.25000000e+00    1.03440804e-01    1.50608630e+00    1.80307225e-03    1.00000000e+00
   3.30000000e+00    1.73205081e-01    1.50968342e+00    3.18961682e-03    0.00000000e+00
   3.70000000e+00    1.73205081e-01    1.51378547e+00    1.42065761e-03    0.00000000e+00
   3.90000000e+00    3.31662479e-01    1.52199810e+00    2.78583001e-03    0.00000000e+00
   4.20000000e+00    2.00000000e-01    1.52671917e+00    9.19699308e-04    0.00000000e+00
   4.00000000e+00    2.82842712e-01    1.53592617e+00    4.68818809e-03    0.00000000e+00
   4.40000000e+00    2.82842712e-01    1.54556715e+00    3.34924604e-03    0.00000000e+00
   4.50000000e+00    4.35889894e-01    1.55356560e+00    2.88463968e-03    0.00000000e+00
   4.80000000e+00    2.82842712e-01    1.55714355e+00    2.43140431e-03    0.00000000e+00
   5.20000000e+00    2.82842712e-01    1.56849230e+00    4.56087446e-03    0.00000000e+00
   5.50000000e+00    3.31662479e-01    1.58173353e+00    4.16132424e-03    0.00000000e+00
   6.00000000e+00    2.82842712e-01    1.58904210e+00    5.37703233e-03    0.00000000e+00
   8.00000000e+00    0.00000000e+00    1.58700115e+00    2.59581685e-03    0.00000000e+00
   8.00000000e+00    0.00000000e+00    1.60622113e+00    1.32192678e-03    0.00000000e+00
   8.00000000e+00    0.00000000e+00    1.62160450e+00    3.37692714e-03    0.00000000e+00
   8.00000000e+00    0.00000000e+00    1.63639393e+00    3.27550075e-03    0.00000000e+00
   8.00000000e+00    0.00000000e+00    1.64309368e+00    4.01719195e-03    0.00000000e+00
   1.20000000e+01    0.00000000e+00    1.65863652e+00    5.73335953e-03    0.00000000e+00
   1.20000000e+01    0.00000000e+00    1.68185465e+00    8.22337306e-03    0.00000000e+00
   1.20000000e+01    0.00000000e+00    1.70052238e+00    3.22872985e-03    0.00000000e+00
   1.60000000e+01    0.00000000e+00    1.71700590e+00    1.39566161e-03    0.00000000e+00
   1.70000000e+01    1.73205081e+00    1.74332727e+00    4.93029305e-03    0.00000000e+00
   2.00000000e+01    0.00000000e+00    1.77599515e+00    5.37774152e-03    0.00000000e+00
   2.30000000e+01    1.73205081e+00    1.79704360e+00    5.38320852e-03    0.00000000e+00
   2.80000000e+01    0.00000000e+00    1.83085650e+00    1.63909117e-03    0.00000000e+00
   4.77000000e+01    4.90204039e+00    1.91391400e+00    3.38614842e-02    1.00000000e+00
   6.13000000e+01    5.22589705e+00    1.97245280e+00    2.12873077e-02    1.00000000e+00
   8.00000000e+01    0.00000000e+00    1.99269520e+00    4.56808732e-03    0.00000000e+00
   1.20000000e+02    0.00000000e+00    2.04887295e+00    5.84680606e-03    0.00000000e+00
   1.90000000e+02    1.73205081e+01    2.10102652e+00    6.40482677e-03    0.00000000e+00
   2.80000000e+02    0.00000000e+00    2.16515047e+00    1.10133049e-02    0.00000000e+00
   4.80000000e+02    2.82842712e+01    2.21571617e+00    1.39852107e-02    0.00000000e+00
