   6.50735123e-01    2.17442062e-03    2.00000000e-01    0.00000000e+00
   6.73280575e-01    3.95771078e-04    2.00000000e-01    0.00000000e+00
   7.00753538e-01    2.48927759e-03    2.00000000e-01    0.00000000e+00
   7.30564255e-01    1.67414821e-03    2.00000000e-01    0.00000000e+00
   7.60933373e-01    2.02798536e-03    2.00000000e-01    0.00000000e+00
   7.95618699e-01    1.19558039e-03    2.00000000e-01    0.00000000e+00
   8.31444389e-01    1.32292036e-03    2.00000000e-01    0.00000000e+00
   8.75362148e-01    1.96833684e-03    2.00000000e-01    0.00000000e+00
   9.21891410e-01    2.09479349e-03    2.00000000e-01    0.00000000e+00
   9.74489593e-01    2.71157195e-03    2.00000000e-01    0.00000000e+00
   1.03042981e+00    2.64479214e-03    2.00000000e-01    0.00000000e+00
   1.05556029e+00    3.18030388e-03    2.00000000e-01    0.00000000e+00
   1.07682632e+00    2.25899181e-03    2.00000000e-01    0.00000000e+00
   1.10888803e+00    5.03857023e-03    2.00000000e-01    0.00000000e+00
   1.13731847e+00    6.60665969e-03    2.00000000e-01    0.00000000e+00
   1.16717292e+00    4.56778221e-03    2.00000000e-01    0.00000000e+00
   1.20659742e+00    3.24685739e-03    2.00000000e-01    0.00000000e+00
   1.23468866e+00    5.62730090e-03    2.00000000e-01    0.00000000e+00
   1.27757556e+00    5.95197463e-03    2.00000000e-01    0.00000000e+00
   1.30726036e+00    2.54399084e-03    2.00000000e-01    0.00000000e+00
   1.35325638e+00    4.78389290e-03    2.00000000e-01    0.00000000e+00
   1.39298391e+00    7.24470633e-03    2.00000000e-01    0.00000000e+00
   1.44158875e+00    1.84257186e-03    2.00000000e-01    0.00000000e+00
   1.49642513e+00    3.66466211e-03    2.00000000e-01    0.00000000e+00
   1.54264107e+00    5.54224439e-03    2.00000000e-01    0.00000000e+00
   1.60075447e+00    6.04940743e-03    2.00000000e-01    0.00000000e+00
   1.64020710e+00    1.05592877e-02    2.00000000e-01    0.00000000e+00
   1.66936383e+00    6.75857532e-03    2.00000000e-01    0.00000000e+00
   1.70355393e+00    1.24276768e-02    2.00000000e-01    0.00000000e+00
   1.73771758e+00    9.72976493e-03    2.00000000e-01    0.00000000e+00
   1.77509725e+00    4.29739779e-03    2.00000000e-01    0.00000000e+00
   1.80388651e+00    8.24858306e-03    2.00000000e-01    0.00000000e+00
   1.84137381e+00    1.18810722e-02    2.00000000e-01    0.00000000e+00
   1.89238993e+00    7.57303448e-03    2.00000000e-01    0.00000000e+00
   1.92954081e+00    7.05661255e-03    2.00000000e-01    0.00000000e+00
   1.97943636e+00    5.92987453e-03    2.00000000e-01    0.00000000e+00
   2.01504673e+00    8.49129374e-03    2.00000000e-01    0.00000000e+00
   2.07450982e+00    1.15986714e-02    2.00000000e-01    0.00000000e+00
   2.11440370e+00    3.24925762e-03    2.00000000e-01    0.00000000e+00
   2.16538746e+00    2.41071309e-02    2.00000000e-01    0.00000000e+00
   2.21625942e+00    9.39985463e-03    2.00000000e-01    0.00000000e+00
   2.28226246e+00    2.26934397e-02    2.00000000e-01    0.00000000e+00
   2.32768138e+00    6.31249242e-03    2.00000000e-01    0.00000000e+00
   2.39742891e+00    1.87933411e-02    2.00000000e-01    0.00000000e+00
   2.46056039e+00    1.22321589e-02    2.00000000e-01    0.00000000e+00
   2.53390963e+00    2.27597644e-02    2.00000000e-01    0.00000000e+00
   2.68640397e+00    2.16444322e-02    2.00000000e-01    0.00000000e+00
   2.87886427e+00    3.25881328e-02    2.00000000e-01    0.00000000e+00
   3.05496140e+00    3.41343569e-02    2.00000000e-01    0.00000000e+00
   3.26871466e+00    4.16815568e-02    2.00000000e-01    0.00000000e+00
   3.52892747e+00    3.22462010e-02    2.00000000e-01    0.00000000e+00
   3.86397678e+00    1.33274695e-02    2.00000000e-01    0.00000000e+00
   4.14313451e+00    4.59844686e-02    2.00000000e-01    0.00000000e+00
   4.34443303e+00    9.96424480e-02    2.00000000e-01    0.00000000e+00
   4.56122888e+00    4.93338762e-02    2.00000000e-01    0.00000000e+00
   4.77305040e+00    2.62263634e-02    2.00000000e-01    0.00000000e+00
   4.95181626e+00    6.71539643e-02    2.00000000e-01    0.00000000e+00
   5.17877633e+00    6.07041828e-02    2.00000000e-01    0.00000000e+00
   5.41417972e+00    8.73953099e-02    2.00000000e-01    0.00000000e+00
   5.79002574e+00    6.59469335e-02    2.00000000e-01    0.00000000e+00
   6.06512282e+00    6.56458397e-02    2.00000000e-01    0.00000000e+00
   6.47377840e+00    1.34146642e-01    2.00000000e-01    0.00000000e+00
   6.81993922e+00    1.09399242e-02    2.00000000e-01    0.00000000e+00
   7.36131978e+00    8.96547667e-02    2.00000000e-01    0.00000000e+00
   7.71731275e+00    4.65145706e-02    2.00000000e-01    0.00000000e+00
   8.19707941e+00    6.53870834e-02    2.00000000e-01    0.00000000e+00
   8.85557136e+00    8.15414923e-02    2.00000000e-01    0.00000000e+00
   9.55657887e+00    3.60401449e-02    2.00000000e-01    0.00000000e+00
   1.01670494e+01    5.07267967e-02    2.00000000e-01    0.00000000e+00
   1.10631930e+01    1.57532677e-01    2.00000000e-01    0.00000000e+00
   1.21101827e+01    6.59334139e-02    2.00000000e-01    0.00000000e+00
   1.31475167e+01    1.07584758e-01    2.00000000e-01    0.00000000e+00
   1.46517870e+01    1.34898981e-01    2.00000000e-01    0.00000000e+00
   1.61808326e+01    1.43659000e-01    2.00000000e-01    0.00000000e+00
   1.78328554e+01    2.65983629e-01    2.00000000e-01    0.00000000e+00
   1.99158535e+01    9.77286520e-02    2.00000000e-01    0.00000000e+00
   2.25052912e+01    1.36333264e-01    2.00000000e-01    0.00000000e+00
   2.52728730e+01    1.09595636e-01    2.00000000e-01    0.00000000e+00
   2.92368489e+01    2.49511374e-01    2.00000000e-01    0.00000000e+00
   3.32013403e+01    1.09359174e-01    2.00000000e-01    0.00000000e+00
   3.93073878e+01    2.90891481e-01    2.00000000e-01    0.00000000e+00
   4.68038726e+01    2.82790719e-01    2.00000000e-01    0.00000000e+00
   5.55475267e+01    2.88082067e-01    2.00000000e-01    0.00000000e+00
   6.77115222e+01    6.52580373e-01    2.00000000e-01    0.00000000e+00
   8.54272394e+01    2.43288397e+00    2.00000000e-01    0.00000000e+00
   1.08547950e+02    1.92016101e+00    2.00000000e-01    0.00000000e+00
   1.42746173e+02    4.33086147e+00    2.00000000e-01    0.00000000e+00
   1.89708834e+02    3.84817926e+00    2.00000000e-01    0.00000000e+00
   3.83128425e+02    6.21965047e+00    2.00000000e-01    0.00000000e+00
   5.78624966e+02    4.92912946e+00    2.00000000e-01    0.00000000e+00
   9.29229193e+02    1.23934469e+01    2.00000000e-01    0.00000000e+00
   1.57597987e+03    4.38012266e+01    2.00000000e-01    0.00000000e+00
   2.87796274e+03    8.93264594e+01    2.00000000e-01    0.00000000e+00
   5.10538653e+03    5.52380003e+02    2.00000000e-01    0.00000000e+00
   1.04017648e+04    1.07275894e+03    2.00000000e-01    0.00000000e+00
