   1.20000000e+00    0.00000000e+00    2.00029845e+00    3.37981246e-04    1.93862458e+01    1.60316552e-03   -4.64200765e+00    2.17364078e-04   -4.64200765e+00    2.17364078e-04   -1.64231010e+00    6.48403119e-04
   1.20000000e+00    0.00000000e+00    1.94997345e+00    2.73691144e-04    1.89601460e+01    2.02036655e-03   -4.70325703e+00    3.41693118e-04   -4.70325703e+00    3.41693118e-04   -1.77902807e+00    6.68518090e-04
   1.20000000e+00    0.00000000e+00    1.90017155e+00    3.34157093e-04    1.85334715e+01    2.22154096e-03   -4.76455967e+00    3.37560694e-04   -4.76455967e+00    3.37560694e-04   -1.91501488e+00    7.69740298e-04
   1.20000000e+00    0.00000000e+00    1.84981125e+00    4.71763503e-04    1.80999135e+01    3.99078498e-03   -4.82698718e+00    5.53866154e-04   -4.82698718e+00    5.53866154e-04   -2.05296397e+00    1.18282810e-03
   1.20000000e+00    0.00000000e+00    1.80004260e+00    3.78588332e-04    1.76632112e+01    2.12190402e-03   -4.88985183e+00    3.31096733e-04   -4.88985183e+00    3.31096733e-04   -2.19046297e+00    6.97888015e-04
   1.20000000e+00    0.00000000e+00    1.74991878e+00    4.01694762e-04    1.72211495e+01    3.33349558e-03   -4.95357067e+00    4.83802043e-04   -4.95357067e+00    4.83802043e-04   -2.32934877e+00    1.07595886e-03
   1.20000000e+00    0.00000000e+00    1.69991692e+00    1.66728692e-04    1.67759585e+01    3.32293549e-03   -5.01773602e+00    5.95957303e-04   -5.01773602e+00    5.95957303e-04   -2.46849812e+00    7.61337472e-04
   1.20000000e+00    0.00000000e+00    1.65021960e+00    2.24406863e-04    1.63277130e+01    4.53889607e-03   -5.08234852e+00    7.06165117e-04   -5.08234852e+00    7.06165117e-04   -2.60763790e+00    9.90725570e-04
   1.20000000e+00    0.00000000e+00    1.60018815e+00    1.03984626e-04    1.58736640e+01    5.60753792e-03   -5.14777913e+00    9.54649939e-04   -5.14777913e+00    9.54649939e-04   -2.74809698e+00    1.05672069e-03
   1.20000000e+00    0.00000000e+00    1.54998418e+00    2.63527393e-04    1.54088910e+01    3.29628162e-03   -5.21484002e+00    5.32916623e-04   -5.21484002e+00    5.32916623e-04   -2.89044493e+00    7.90298053e-04
   1.20000000e+00    0.00000000e+00    1.50031255e+00    1.65333549e-04    1.49432143e+01    2.36458372e-03   -5.28216180e+00    3.75408757e-04   -5.28216180e+00    3.75408757e-04   -3.03225560e+00    6.21922001e-04
   1.20000000e+00    0.00000000e+00    1.48015565e+00    1.60448099e-04    1.47573505e+01    2.27714586e-03   -5.30887495e+00    3.43132587e-04   -5.30887495e+00    3.43132587e-04   -3.08919655e+00    5.49501909e-04
   1.20000000e+00    0.00000000e+00    1.46005125e+00    3.50556033e-04    1.45672168e+01    1.76168405e-03   -5.33632925e+00    2.07115457e-04   -5.33632925e+00    2.07115457e-04   -3.14679988e+00    7.03610682e-04
   1.20000000e+00    0.00000000e+00    1.44007350e+00    2.47177234e-04    1.43738138e+01    4.91700007e-03   -5.36426993e+00    7.81724780e-04   -5.36426993e+00    7.81724780e-04   -3.20469973e+00    1.05914710e-03
   1.20000000e+00    0.00000000e+00    1.42010920e+00    2.79725374e-04    1.41866832e+01    1.73409103e-03   -5.39122100e+00    2.15471193e-04   -5.39122100e+00    2.15471193e-04   -3.26158972e+00    6.22065633e-04
   1.20000000e+00    0.00000000e+00    1.39999050e+00    6.26624688e-05    1.39907382e+01    3.71246572e-03   -5.41966338e+00    5.88267624e-04   -5.41966338e+00    5.88267624e-04   -3.32020260e+00    5.91103853e-04
   1.20000000e+00    0.00000000e+00    1.38015178e+00    2.20195928e-04    1.37995032e+01    3.38333189e-03   -5.44725417e+00    4.98353120e-04   -5.44725417e+00    4.98353120e-04   -3.37754405e+00    7.96892077e-04
   1.20000000e+00    0.00000000e+00    1.36017920e+00    3.09503239e-04    1.36047243e+01    1.89280762e-03   -5.47544870e+00    2.67322165e-04   -5.47544870e+00    2.67322165e-04   -3.43568997e+00    7.24809842e-04
   1.20000000e+00    0.00000000e+00    1.33987957e+00    2.09387731e-04    1.34061040e+01    2.87179891e-03   -5.50422747e+00    4.86005948e-04   -5.50422747e+00    4.86005948e-04   -3.49491060e+00    7.65899128e-04
   1.20000000e+00    0.00000000e+00    1.31999503e+00    1.65317791e-04    1.32134825e+01    1.06614293e-03   -5.53195235e+00    1.86625193e-04   -5.53195235e+00    1.86625193e-04   -3.55245483e+00    3.79353116e-04
   1.20000000e+00    0.00000000e+00    1.30004392e+00    8.03211795e-05    1.30151167e+01    3.63637535e-03   -5.56073283e+00    5.78109317e-04   -5.56073283e+00    5.78109317e-04   -3.61115437e+00    6.92292375e-04
   1.20000000e+00    0.00000000e+00    1.28015733e+00    3.17483168e-04    1.28177613e+01    1.04111416e-03   -5.58922633e+00    2.70287323e-04   -5.58922633e+00    2.70287323e-04   -3.66947038e+00    4.43998155e-04
   1.20000000e+00    0.00000000e+00    1.25998817e+00    2.10531273e-04    1.26139480e+01    2.61528058e-03   -5.61872895e+00    3.77706238e-04   -5.61872895e+00    3.77706238e-04   -3.72921917e+00    6.81456856e-04
   1.20000000e+00    0.00000000e+00    1.23987750e+00    2.28720998e-04    1.24139685e+01    1.28021531e-03   -5.64768053e+00    1.63191657e-04   -5.64768053e+00    1.63191657e-04   -3.78832915e+00    4.22075565e-04
   1.20000000e+00    0.00000000e+00    1.22022070e+00    5.86310924e-05    1.22154775e+01    3.73529293e-03   -5.67638700e+00    6.72864700e-04   -5.67638700e+00    6.72864700e-04   -3.84651353e+00    6.57812604e-04
   1.20000000e+00    0.00000000e+00    1.19990950e+00    3.50326112e-04    1.20063380e+01    1.73241205e-03   -5.70665525e+00    2.46726818e-04   -5.70665525e+00    2.46726818e-04   -3.90724098e+00    7.11214466e-04
   1.20000000e+00    0.00000000e+00    1.18997267e+00    2.00350385e-04    1.19061610e+01    2.31183974e-03   -5.72121995e+00    2.93192893e-04   -5.72121995e+00    2.93192893e-04   -3.93670720e+00    4.75298301e-04
   1.20000000e+00    0.00000000e+00    1.18008455e+00    1.48739378e-04    1.18027450e+01    3.87712916e-03   -5.73616768e+00    6.07432557e-04   -5.73616768e+00    6.07432557e-04   -3.96648335e+00    7.84333008e-04
   1.20000000e+00    0.00000000e+00    1.17008875e+00    8.88817895e-05    1.16989432e+01    1.46333017e-03   -5.75121803e+00    2.33547815e-04   -5.75121803e+00    2.33547815e-04   -3.99652368e+00    2.38226535e-04
   1.20000000e+00    0.00000000e+00    1.15988450e+00    1.01327514e-04    1.15974627e+01    3.22948342e-03   -5.76586282e+00    5.11798092e-04   -5.76586282e+00    5.11798092e-04   -4.02647105e+00    5.22001003e-04
   1.20000000e+00    0.00000000e+00    1.14978555e+00    2.97157118e-04    1.14943423e+01    2.06427849e-03   -5.78070482e+00    3.04369951e-04   -5.78070482e+00    3.04369951e-04   -4.05645765e+00    5.94311831e-04
   1.20000000e+00    0.00000000e+00    1.14003215e+00    1.45882770e-04    1.13889153e+01    1.96525576e-03   -5.79607928e+00    2.60407041e-04   -5.79607928e+00    2.60407041e-04   -4.08645857e+00    3.37075336e-04
   1.20000000e+00    0.00000000e+00    1.12996943e+00    2.54946302e-04    1.12879290e+01    8.25409292e-04   -5.81061710e+00    1.83366695e-04   -5.81061710e+00    1.83366695e-04   -4.11608665e+00    3.37915363e-04
   1.20000000e+00    0.00000000e+00    1.11992910e+00    2.39024716e-04    1.11825475e+01    5.48316540e-03   -5.82597260e+00    8.98174524e-04   -5.82597260e+00    8.98174524e-04   -4.14649895e+00    1.25157399e-03
   1.20000000e+00    0.00000000e+00    1.11009170e+00    1.02233434e-04    1.10785203e+01    2.42635481e-03   -5.84108633e+00    4.01758555e-04   -5.84108633e+00    4.01758555e-04   -4.17636505e+00    5.33596859e-04
   1.20000000e+00    0.00000000e+00    1.10007430e+00    1.66175043e-04    1.09716700e+01    2.77436813e-03   -5.85655975e+00    4.60159703e-04   -5.85655975e+00    4.60159703e-04   -4.20686080e+00    6.28418917e-04
   1.20000000e+00    0.00000000e+00    1.09011160e+00    1.73233830e-04    1.08651278e+01    1.11376689e-03   -5.87205298e+00    2.15048673e-04   -5.87205298e+00    2.15048673e-04   -4.23729435e+00    2.74758453e-04
   1.20000000e+00    0.00000000e+00    1.07994912e+00    1.13332263e-04    1.07594820e+01    3.49820504e-03   -5.88729738e+00    4.94679762e-04   -5.88729738e+00    4.94679762e-04   -4.26777870e+00    6.43871680e-04
   1.20000000e+00    0.00000000e+00    1.06982785e+00    1.70887412e-04    1.06529198e+01    1.15361939e-03   -5.90275718e+00    1.63397129e-04   -5.90275718e+00    1.63397129e-04   -4.29841662e+00    1.31304767e-04
   1.20000000e+00    0.00000000e+00    1.05994700e+00    2.28747273e-04    1.05476910e+01    4.27791041e-03   -5.91798138e+00    7.00533041e-04   -5.91798138e+00    7.00533041e-04   -4.32845830e+00    9.96826678e-04
   1.20000000e+00    0.00000000e+00    1.04998460e+00    9.90649030e-05    1.04408208e+01    1.15613545e-03   -5.93349742e+00    1.49496946e-04   -5.93349742e+00    1.49496946e-04   -4.35891425e+00    2.96431227e-04
   1.20000000e+00    0.00000000e+00    1.03997023e+00    2.69679257e-04    1.03317400e+01    3.89744423e-03   -5.94938098e+00    6.15096506e-04   -5.94938098e+00    6.15096506e-04   -4.38981558e+00    8.85880574e-04
   1.20000000e+00    0.00000000e+00    1.02997465e+00    1.79756453e-04    1.02244883e+01    2.61104982e-03   -5.96486465e+00    3.16048291e-04   -5.96486465e+00    3.16048291e-04   -4.42028898e+00    5.66776549e-04
   1.20000000e+00    0.00000000e+00    1.02003928e+00    8.86789258e-05    1.01178205e+01    3.03072388e-03   -5.98037905e+00    4.78449258e-04   -5.98037905e+00    4.78449258e-04   -4.45070265e+00    5.60009118e-04
   1.20000000e+00    0.00000000e+00    1.01008040e+00    2.21615388e-04    1.00102540e+01    2.36344029e-03   -5.99594972e+00    3.95872652e-04   -5.99594972e+00    3.95872652e-04   -4.48120790e+00    5.34792563e-04
   1.20000000e+00    0.00000000e+00    9.99946573e-01    1.05973157e-04    9.89706603e+00    3.91614067e-03   -6.01241807e+00    5.59177532e-04   -6.01241807e+00    5.59177532e-04   -4.51287318e+00    6.92511055e-04
   1.20000000e+00    0.00000000e+00    9.79880158e-01    6.15341159e-05    9.67714362e+00    2.53162667e-03   -6.04433500e+00    3.57499622e-04   -6.04433500e+00    3.57499622e-04   -4.57488220e+00    3.01716755e-04
   1.20000000e+00    0.00000000e+00    9.59938318e-01    1.85322565e-04    9.46024265e+00    1.27352319e-03   -6.07580298e+00    1.14335786e-04   -6.07580298e+00    1.14335786e-04   -4.63625548e+00    3.11659031e-04
   1.20000000e+00    0.00000000e+00    9.40010198e-01    2.27885689e-04    9.23801565e+00    4.20879003e-03   -6.10804880e+00    6.41097395e-04   -6.10804880e+00    6.41097395e-04   -4.69838603e+00    9.62099294e-04
   1.20000000e+00    0.00000000e+00    9.20025415e-01    2.34291244e-04    9.01294660e+00    3.55408007e-03   -6.14071720e+00    4.83001869e-04   -6.14071720e+00    4.83001869e-04   -4.76102410e+00    7.19875868e-04
   1.20000000e+00    0.00000000e+00    8.99851250e-01    4.59883958e-05    8.78474620e+00    3.91723326e-03   -6.17401900e+00    5.75750024e-04   -6.17401900e+00    5.75750024e-04   -4.82457958e+00    5.19560739e-04
   1.20000000e+00    0.00000000e+00    8.80025850e-01    7.40390164e-05    8.56352188e+00    4.32471886e-03   -6.20603350e+00    5.99337005e-04   -6.20603350e+00    5.99337005e-04   -4.88632475e+00    6.00402326e-04
   1.20000000e+00    0.00000000e+00    8.60048670e-01    1.76322538e-04    8.32883602e+00    2.75353973e-03   -6.24022192e+00    4.05234077e-04   -6.24022192e+00    4.05234077e-04   -4.95047148e+00    5.15196188e-04
   1.20000000e+00    0.00000000e+00    8.50111865e-01    7.30697559e-05    8.21437260e+00    2.94964015e-03   -6.25696738e+00    4.42831104e-04   -6.25696738e+00    4.42831104e-04   -4.98211837e+00    5.50784025e-04
   1.20000000e+00    0.00000000e+00    8.40006492e-01    1.93893468e-04    8.09480170e+00    1.74949982e-03   -6.27442328e+00    2.38210006e-04   -6.27442328e+00    2.38210006e-04   -5.01472857e+00    5.15004327e-04
   1.20000000e+00    0.00000000e+00    8.30101135e-01    1.51006801e-04    7.98180787e+00    3.08795488e-03   -6.29072997e+00    5.54061456e-04   -6.29072997e+00    5.54061456e-04   -5.04588958e+00    7.16683750e-04
   1.20000000e+00    0.00000000e+00    8.20071502e-01    7.33630695e-05    7.86409283e+00    1.91700159e-03   -6.30784987e+00    3.37931090e-04   -6.30784987e+00    3.37931090e-04   -5.07805018e+00    3.79494825e-04
   1.20000000e+00    0.00000000e+00    8.09937662e-01    1.52486324e-04    7.74442983e+00    3.66463606e-03   -6.32523035e+00    4.77744673e-04   -6.32523035e+00    4.77744673e-04   -5.11062758e+00    6.39263398e-04
   1.20000000e+00    0.00000000e+00    7.99857055e-01    3.26012366e-05    7.62748790e+00    1.33571745e-03   -6.34235227e+00    1.56724829e-04   -6.34235227e+00    1.56724829e-04   -5.14286662e+00    1.80195094e-04
   1.20000000e+00    0.00000000e+00    7.89956018e-01    6.76584394e-05    7.50877765e+00    3.47398773e-03   -6.35965412e+00    4.36781332e-04   -6.35965412e+00    4.36781332e-04   -5.17501633e+00    4.72698325e-04
   1.20000000e+00    0.00000000e+00    7.79975827e-01    1.86408500e-04    7.39102682e+00    4.08769393e-03   -6.37688027e+00    6.99600909e-04   -6.37688027e+00    6.99600909e-04   -5.20720903e+00    8.07200385e-04
   1.20000000e+00    0.00000000e+00    7.69929058e-01    5.21052792e-05    7.26892730e+00    3.12379136e-03   -6.39458340e+00    3.59169605e-04   -6.39458340e+00    3.59169605e-04   -5.23997852e+00    3.63345733e-04
   1.20000000e+00    0.00000000e+00    7.59980523e-01    9.71409963e-05    7.15191848e+00    2.85951729e-03   -6.41154520e+00    4.50074044e-04   -6.41154520e+00    4.50074044e-04   -5.27185940e+00    5.53827965e-04
   1.20000000e+00    0.00000000e+00    7.49951985e-01    1.68234709e-04    7.03110690e+00    4.02674615e-03   -6.42931162e+00    5.95422331e-04   -6.42931162e+00    5.95422331e-04   -5.30466488e+00    8.12781272e-04
   1.20000000e+00    0.00000000e+00    7.40121347e-01    1.98368147e-04    6.90706725e+00    3.52718720e-03   -6.44737683e+00    5.80039673e-04   -6.44737683e+00    5.80039673e-04   -5.33747235e+00    8.05744096e-04
   1.20000000e+00    0.00000000e+00    7.29853965e-01    7.24369459e-05    6.78814590e+00    3.33121435e-03   -6.46462135e+00    5.33784641e-04   -6.46462135e+00    5.33784641e-04   -5.37011412e+00    5.86942073e-04
   1.20000000e+00    0.00000000e+00    7.20008918e-01    5.44184915e-05    6.66114550e+00    4.73295869e-03   -6.48318543e+00    7.01299459e-04   -6.48318543e+00    7.01299459e-04   -5.40344202e+00    7.82183595e-04
   1.20000000e+00    0.00000000e+00    7.10007220e-01    1.29974557e-04    6.53916983e+00    1.10773345e-03   -6.50103085e+00    2.47946027e-04   -6.50103085e+00    2.47946027e-04   -5.43628627e+00    3.61560143e-04
   1.20000000e+00    0.00000000e+00    7.00052425e-01    1.59969979e-04    6.42002275e+00    3.02290156e-03   -6.51827817e+00    4.27669413e-04   -6.51827817e+00    4.27669413e-04   -5.46846205e+00    6.56796957e-04
   1.20000000e+00    0.00000000e+00    6.89939030e-01    6.19850179e-05    6.29261570e+00    4.33590428e-03   -6.53692213e+00    5.55020681e-04   -6.53692213e+00    5.55020681e-04   -5.50227230e+00    5.27208910e-04
   1.20000000e+00    0.00000000e+00    6.79931503e-01    7.05782921e-05    6.16449295e+00    2.70486167e-03   -6.55575640e+00    5.27662150e-04   -6.55575640e+00    5.27662150e-04   -5.53611415e+00    6.27230346e-04
   1.20000000e+00    0.00000000e+00    6.70045830e-01    9.49976071e-05    6.04669085e+00    3.02481813e-03   -6.57298750e+00    3.81327333e-04   -6.57298750e+00    3.81327333e-04   -5.56817002e+00    3.57997880e-04
   1.20000000e+00    0.00000000e+00    6.60005498e-01    4.44933716e-05    5.91367037e+00    2.54742164e-03   -6.59240810e+00    3.79244169e-04   -6.59240810e+00    3.79244169e-04   -5.60264735e+00    3.87500197e-04
   1.20000000e+00    0.00000000e+00    6.50000570e-01    1.10244955e-04    5.78502847e+00    3.45725397e-03   -6.61122743e+00    4.98210911e-04   -6.61122743e+00    4.98210911e-04   -5.63647035e+00    5.75581404e-04
   1.20000000e+00    0.00000000e+00    6.39956952e-01    1.04571528e-04    5.65649793e+00    7.76838631e-03   -6.62998978e+00    1.12368324e-03   -6.62998978e+00    1.12368324e-03   -5.67029435e+00    1.13082823e-03
   1.20000000e+00    0.00000000e+00    6.29952620e-01    4.74790622e-05    5.53153437e+00    1.56027222e-03   -6.64829475e+00    2.59805413e-04   -6.64829475e+00    2.59805413e-04   -5.70360205e+00    2.27257679e-04
   1.20000000e+00    0.00000000e+00    6.19887838e-01    2.57121113e-05    5.40289208e+00    7.88007190e-04   -6.66709175e+00    1.31643391e-04   -6.66709175e+00    1.31643391e-04   -5.73749245e+00    1.34813213e-04
   1.20000000e+00    0.00000000e+00    6.10023845e-01    4.79841685e-05    5.27312975e+00    6.75517507e-04   -6.68610957e+00    1.50670060e-04   -6.68610957e+00    1.50670060e-04   -5.77130260e+00    2.14667312e-04
   1.20000000e+00    0.00000000e+00    5.99959553e-01    3.96620236e-05    5.13980537e+00    1.91824935e-03   -6.70556802e+00    3.16709460e-04   -6.70556802e+00    3.16709460e-04   -5.80585368e+00    2.58764733e-04
   1.20000000e+00    0.00000000e+00    5.89994083e-01    1.28378891e-04    5.01294542e+00    9.04640651e-04   -6.72417630e+00    9.72426090e-05   -6.72417630e+00    9.72426090e-05   -5.83940642e+00    1.33779023e-04
   1.20000000e+00    0.00000000e+00    5.79999652e-01    1.95689504e-05    4.87784732e+00    2.19168650e-03   -6.74405587e+00    2.44062537e-04   -6.74405587e+00    2.44062537e-04   -5.87427385e+00    2.58357974e-04
   1.20000000e+00    0.00000000e+00    5.70047855e-01    5.39324459e-05    4.74317105e+00    7.98103867e-04   -6.76383950e+00    1.81541772e-04   -6.76383950e+00    1.81541772e-04   -5.90898150e+00    2.39498841e-04
   1.20000000e+00    0.00000000e+00    5.59984343e-01    6.29417776e-05    4.61286317e+00    1.27540241e-03   -6.78291498e+00    2.34797704e-04   -6.78291498e+00    2.34797704e-04   -5.94314845e+00    1.43145669e-04
   1.20000000e+00    0.00000000e+00    5.49996920e-01    6.06842957e-05    4.47747202e+00    2.61497549e-03   -6.80280037e+00    4.12098395e-04   -6.80280037e+00    4.12098395e-04   -5.97801125e+00    4.99138185e-04
   1.20000000e+00    0.00000000e+00    5.40001320e-01    5.63184464e-05    4.33988665e+00    6.01897890e-03   -6.82285863e+00    8.27000890e-04   -6.82285863e+00    8.27000890e-04   -6.01305910e+00    8.92967259e-04
   1.20000000e+00    0.00000000e+00    5.29976610e-01    4.42236690e-05    4.20432275e+00    2.25609046e-03   -6.84317805e+00    3.66572015e-04   -6.84317805e+00    3.66572015e-04   -6.04841185e+00    4.11885284e-04
   1.20000000e+00    0.00000000e+00    5.19963927e-01    4.75211849e-05    4.06665710e+00    4.39007750e-03   -6.86328290e+00    6.23901042e-04   -6.86328290e+00    6.23901042e-04   -6.08353195e+00    6.80754370e-04
   1.20000000e+00    0.00000000e+00    5.09984115e-01    3.25148970e-05    3.92867960e+00    3.70548612e-03   -6.88361290e+00    4.69798760e-04   -6.88361290e+00    4.69798760e-04   -6.11882797e+00    4.88719078e-04
   1.20000000e+00    0.00000000e+00    4.89963930e-01    2.59099392e-05    3.64878478e+00    2.09558183e-03   -6.92478450e+00    2.94403422e-04   -6.92478450e+00    2.94403422e-04   -6.19002235e+00    3.21524264e-04
   1.20000000e+00    0.00000000e+00    4.80005785e-01    3.12705049e-05    3.50881358e+00    1.36788458e-03   -6.94548227e+00    2.58252099e-04   -6.94548227e+00    2.58252099e-04   -6.22565360e+00    2.61604549e-04
   1.20000000e+00    0.00000000e+00    4.70015338e-01    4.94237657e-05    3.36353842e+00    1.24817353e-03   -6.96697093e+00    1.58788308e-04   -6.96697093e+00    1.58788308e-04   -6.26212415e+00    1.63340970e-04
   1.20000000e+00    0.00000000e+00    4.60026215e-01    8.97794237e-05    3.22214747e+00    3.10480582e-03   -6.98815757e+00    4.96320146e-04   -6.98815757e+00    4.96320146e-04   -6.29829077e+00    6.15223485e-04
   1.20000000e+00    0.00000000e+00    4.50021448e-01    4.76014650e-05    3.07396730e+00    3.21737908e-03   -7.00987515e+00    4.20957958e-04   -7.00987515e+00    4.20957958e-04   -6.33501173e+00    4.01205330e-04
   1.20000000e+00    0.00000000e+00    4.40064462e-01    5.33545787e-05    2.93546542e+00    8.78883737e-03   -7.03026438e+00    1.59425045e-03   -7.03026438e+00    1.59425045e-03   -6.37033272e+00    1.57439095e-03
   1.20000000e+00    0.00000000e+00    4.29992498e-01    4.51840411e-05    2.78620435e+00    1.08077115e-02   -7.05242368e+00    1.37751818e-03   -7.05242368e+00    1.37751818e-03   -6.40759618e+00    1.41621795e-03
