   1.90000000e-01    6.12372436e-03    1.33948280e+00    4.25161202e-03    2.00000000e+00
   1.90000000e-01    1.27475488e-02    1.33959487e+00    1.71261775e-03    2.00000000e+00
   2.02500000e-01    8.29156198e-03    1.34457928e+00    1.94833911e-03    2.00000000e+00
   1.83750000e-01    8.92678554e-03    1.34669847e+00    2.49515680e-03    2.00000000e+00
   2.13750000e-01    5.44862368e-03    1.35393043e+00    5.30584161e-03    2.00000000e+00
   2.10000000e-01    6.12372436e-03    1.35634560e+00    1.15287468e-03    2.00000000e+00
   2.16250000e-01    1.29301005e-02    1.36439850e+00    2.57864169e-03    2.00000000e+00
   2.26250000e-01    1.91621371e-02    1.36627928e+00    3.12496338e-03    2.00000000e+00
   2.28750000e-01    1.47372827e-02    1.36886020e+00    1.93717599e-03    2.00000000e+00
   2.32500000e-01    1.25000000e-02    1.37131098e+00    2.10669579e-03    2.00000000e+00
   2.36250000e-01    9.60143218e-03    1.37708090e+00    2.38300448e-03    2.00000000e+00
   2.71250000e-01    1.38631706e-02    1.38186362e+00    4.44375022e-03    2.00000000e+00
   2.60000000e-01    6.12372436e-03    1.38398707e+00    2.70584565e-03    2.00000000e+00
   2.66250000e-01    1.55623745e-02    1.38941678e+00    1.96021365e-03    2.00000000e+00
   2.56250000e-01    1.08253175e-02    1.39630818e+00    3.29402180e-03    2.00000000e+00
   2.88750000e-01    7.39509973e-03    1.40187185e+00    1.84385698e-03    2.00000000e+00
   2.85000000e-01    1.76776695e-02    1.40647675e+00    1.18974223e-03    2.00000000e+00
   2.82500000e-01    1.08972474e-02    1.40901008e+00    3.82916944e-03    2.00000000e+00
   2.93750000e-01    6.49519053e-03    1.41214203e+00    2.28578516e-03    2.00000000e+00
   3.11250000e-01    1.74553001e-02    1.41140377e+00    7.26060102e-03    2.00000000e+00
   3.11250000e-01    7.39509973e-03    1.41542033e+00    9.94337584e-04    2.00000000e+00
   3.17500000e-01    2.50000000e-03    1.41573810e+00    1.45747408e-03    2.00000000e+00
   3.21250000e-01    2.27417567e-02    1.42295625e+00    3.09081844e-03    2.00000000e+00
   3.22500000e-01    2.48746859e-02    1.42464882e+00    1.18078419e-03    2.00000000e+00
   3.13750000e-01    9.60143218e-03    1.42517108e+00    4.94306571e-03    2.00000000e+00
   3.18750000e-01    1.63458710e-02    1.42509760e+00    2.45887564e-03    2.00000000e+00
   3.48750000e-01    1.63458710e-02    1.42996860e+00    4.29627637e-03    2.00000000e+00
   3.28750000e-01    1.24373430e-02    1.42968677e+00    1.61487482e-03    2.00000000e+00
   3.33750000e-01    1.43069039e-02    1.43541580e+00    4.89567550e-03    2.00000000e+00
   3.47500000e-01    2.86138079e-02    1.43562882e+00    1.91963059e-03    2.00000000e+00
   3.56250000e-01    2.21852992e-02    1.44106585e+00    3.08814601e-03    2.00000000e+00
   3.50000000e-01    2.62202212e-02    1.44612452e+00    4.12338066e-03    2.00000000e+00
   3.80000000e-01    2.89395923e-02    1.44464988e+00    2.52560637e-03    2.00000000e+00
   3.71250000e-01    2.45903945e-02    1.45075368e+00    3.48148302e-03    2.00000000e+00
   3.96250000e-01    2.55868619e-02    1.45071473e+00    2.95674382e-03    2.00000000e+00
   3.82500000e-01    2.35849528e-02    1.45876468e+00    3.30530139e-03    2.00000000e+00
   3.87500000e-01    1.29903811e-02    1.45795975e+00    3.62599926e-03    2.00000000e+00
   3.98750000e-01    2.16145206e-02    1.46755893e+00    3.98748039e-03    2.00000000e+00
   4.15000000e-01    2.03100960e-02    1.46806857e+00    2.00315145e-03    2.00000000e+00
   3.97500000e-01    1.03077641e-02    1.46545382e+00    3.02263163e-03    2.00000000e+00
   4.41250000e-01    1.94855716e-02    1.47644012e+00    4.41819774e-03    2.00000000e+00
   4.31250000e-01    1.98037244e-02    1.47448882e+00    5.24881067e-03    2.00000000e+00
   4.57500000e-01    4.19076365e-02    1.48179023e+00    5.79228098e-03    2.00000000e+00
   4.42500000e-01    1.08972474e-02    1.48535047e+00    2.19961451e-03    2.00000000e+00
   4.85000000e-01    1.83711731e-02    1.48537513e+00    1.78162008e-03    2.00000000e+00
   4.45000000e-01    2.47487373e-02    1.49422130e+00    3.64306093e-03    2.00000000e+00
   4.75000000e-01    1.27475488e-02    1.49869425e+00    7.26987058e-03    2.00000000e+00
   4.92500000e-01    3.97649343e-02    1.50115762e+00    2.29404886e-03    2.00000000e+00
   5.16250000e-01    5.40109943e-02    1.51111663e+00    5.51047885e-03    2.00000000e+00
   5.21250000e-01    1.84983107e-02    1.51217655e+00    3.12238513e-03    2.00000000e+00
   5.67500000e-01    3.43693177e-02    1.51714432e+00    3.27637952e-03    2.00000000e+00
   5.95000000e-01    3.25960120e-02    1.52693120e+00    5.72523912e-03    2.00000000e+00
   5.71250000e-01    4.70870205e-02    1.53045710e+00    3.14587702e-03    2.00000000e+00
   6.13750000e-01    2.16145206e-02    1.54046808e+00    6.05467777e-03    2.00000000e+00
   6.25000000e-01    5.03736042e-02    1.54552858e+00    9.61661770e-03    2.00000000e+00
   6.20000000e-01    1.69558250e-02    1.55492792e+00    3.39398305e-03    2.00000000e+00
   6.47500000e-01    4.25000000e-02    1.55861213e+00    6.97730118e-03    2.00000000e+00
   6.37500000e-01    1.92028644e-02    1.56520253e+00    8.24479277e-03    2.00000000e+00
   6.63750000e-01    2.65459507e-02    1.57099722e+00    6.31095527e-03    2.00000000e+00
   7.90000000e-01    3.93700394e-02    1.57985277e+00    5.87035299e-03    2.00000000e+00
   7.86250000e-01    1.38631706e-02    1.58866718e+00    4.32502325e-03    2.00000000e+00
   8.95000000e-01    7.60756203e-02    1.60733820e+00    8.50220436e-03    2.00000000e+00
   8.40000000e-01    5.18411034e-02    1.60462430e+00    6.99449198e-03    2.00000000e+00
   8.33750000e-01    5.27227418e-02    1.60917763e+00    5.17145860e-03    2.00000000e+00
   8.87500000e-01    8.45946216e-02    1.60704955e+00    1.00070839e-02    2.00000000e+00
   8.58750000e-01    6.15807397e-02    1.60482765e+00    1.33417849e-02    2.00000000e+00
   8.12500000e-01    3.68272997e-02    1.60737045e+00    1.07154854e-02    2.00000000e+00
   8.37500000e-01    6.22996790e-02    1.61005250e+00    7.95287461e-03    2.00000000e+00
   8.62500000e-01    5.83630876e-02    1.61485430e+00    6.86603176e-03    2.00000000e+00
   8.67500000e-01    7.98044485e-02    1.61169607e+00    2.93040000e-03    2.00000000e+00
   8.67500000e-01    4.87980532e-02    1.60688297e+00    5.23970784e-03    2.00000000e+00
   8.86250000e-01    1.24373430e-02    1.61647280e+00    5.18473078e-03    2.00000000e+00
   9.47500000e-01    9.25000000e-02    1.61889830e+00    4.87221474e-03    2.00000000e+00
   9.52500000e-01    3.21130814e-02    1.63105887e+00    5.77953520e-03    2.00000000e+00
   9.70000000e-01    1.04163333e-01    1.63982710e+00    5.60341915e-03    2.00000000e+00
   1.00625000e+00    4.78767950e-02    1.63326045e+00    4.87958852e-03    2.00000000e+00
   9.96250000e-01    3.81403658e-02    1.64232782e+00    7.32434198e-03    2.00000000e+00
   1.08500000e+00    7.11512474e-02    1.65415640e+00    7.32190978e-03    2.00000000e+00
   1.04125000e+00    8.07290995e-02    1.64318253e+00    9.14479248e-03    2.00000000e+00
   1.00125000e+00    5.45865139e-02    1.64291930e+00    8.43721034e-03    2.00000000e+00
   1.13750000e+00    1.03289641e-01    1.65601252e+00    2.94175935e-03    2.00000000e+00
   1.10375000e+00    5.74864114e-02    1.65421267e+00    5.23198194e-03    2.00000000e+00
   1.06375000e+00    4.30660829e-02    1.65693195e+00    7.80675504e-03    2.00000000e+00
   1.08250000e+00    6.97764287e-02    1.65367847e+00    8.39604950e-03    2.00000000e+00
   1.05875000e+00    7.77315091e-02    1.65620882e+00    7.51390046e-03    2.00000000e+00
   1.22250000e+00    1.47584721e-01    1.65870928e+00    5.13622020e-03    2.00000000e+00
   1.06000000e+00    9.45383520e-02    1.66232598e+00    1.77106998e-02    2.00000000e+00
   1.11500000e+00    7.75403121e-02    1.66121432e+00    6.64480568e-03    2.00000000e+00
   1.13125000e+00    7.94807367e-02    1.66128915e+00    9.32951080e-03    2.00000000e+00
   1.13500000e+00    3.25960120e-02    1.67015052e+00    8.76777982e-03    2.00000000e+00
   1.19875000e+00    6.89542421e-02    1.68157687e+00    4.94730528e-03    2.00000000e+00
   1.28000000e+00    4.13823634e-02    1.66898415e+00    9.72354174e-03    2.00000000e+00
   1.06625000e+00    1.46559502e-01    1.67571837e+00    1.79950584e-02    2.00000000e+00
   1.23375000e+00    9.56147870e-02    1.67683775e+00    1.45842904e-02    2.00000000e+00
   1.18250000e+00    1.35853782e-01    1.66848015e+00    9.96443943e-03    2.00000000e+00
   1.17000000e+00    8.36660027e-02    1.68158650e+00    1.61104394e-02    2.00000000e+00
   1.15125000e+00    8.22629169e-02    1.67285980e+00    1.46877050e-02    2.00000000e+00
   1.26875000e+00    1.33714949e-01    1.67254620e+00    1.14616595e-02    2.00000000e+00
   1.20375000e+00    7.55293817e-02    1.69475980e+00    8.40576552e-03    2.00000000e+00
   1.23625000e+00    1.02316910e-02    1.69457473e+00    1.08488729e-02    2.00000000e+00
   1.30625000e+00    1.10757336e-01    1.69477887e+00    8.41627568e-03    2.00000000e+00
   1.23125000e+00    1.30497845e-01    1.68057775e+00    1.03667075e-02    2.00000000e+00
   1.25375000e+00    1.30832670e-01    1.69395103e+00    4.67493424e-03    2.00000000e+00
   1.31375000e+00    3.76455509e-02    1.70112202e+00    9.09308157e-03    2.00000000e+00
   1.27000000e+00    7.35696948e-02    1.69870245e+00    6.74696612e-03    2.00000000e+00
   1.33375000e+00    8.53943060e-02    1.70061695e+00    9.26343821e-03    2.00000000e+00
   1.27125000e+00    7.83721092e-02    1.71278730e+00    6.10128986e-03    2.00000000e+00
   1.33375000e+00    1.11095398e-01    1.69975973e+00    1.15305350e-02    2.00000000e+00
   1.27750000e+00    6.93271231e-02    1.70065337e+00    7.31112748e-03    2.00000000e+00
   1.33250000e+00    2.61007663e-02    1.69888475e+00    1.15442528e-02    2.00000000e+00
   1.47250000e+00    1.47372827e-01    1.70465163e+00    1.10539350e-02    2.00000000e+00
   1.46500000e+00    9.19238816e-02    1.73408565e+00    1.55174671e-02    2.00000000e+00
   1.51500000e+00    1.09373214e-01    1.73198317e+00    6.67001380e-03    2.00000000e+00
   1.65500000e+00    1.64088391e-01    1.76235755e+00    2.58231855e-02    2.00000000e+00
   1.69750000e+00    1.73655550e-01    1.76015775e+00    1.32157209e-02    2.00000000e+00
   1.85125000e+00    9.38332963e-02    1.75952725e+00    5.07267697e-03    2.00000000e+00
   2.03625000e+00    2.24454199e-01    1.78601915e+00    2.26683650e-02    2.00000000e+00
   2.19375000e+00    2.45137079e-01    1.81212455e+00    8.48311818e-03    2.00000000e+00
   2.04500000e+00    1.92646048e-01    1.80100320e+00    1.85698334e-02    2.00000000e+00
   2.30750000e+00    2.82676936e-01    1.84674692e+00    2.61423211e-02    2.00000000e+00
   2.85375000e+00    1.04962791e-01    1.85499287e+00    2.64995106e-02    2.00000000e+00
   2.84750000e+00    3.48613324e-01    1.86778117e+00    2.08862565e-02    2.00000000e+00
   2.86000000e+00    2.00997512e-01    1.88605513e+00    8.84232505e-03    1.00000000e+00
   3.81000000e+00    1.81934054e-01    1.93980108e+00    1.46823131e-02    1.00000000e+00
   3.73000000e+00    1.98746069e-01    1.95696537e+00    1.01405181e-02    1.00000000e+00
   4.32000000e+00    3.53270435e-01    2.00716180e+00    1.69440722e-02    1.00000000e+00
   4.36000000e+00    2.28035085e-01    2.01300722e+00    9.01724390e-03    1.00000000e+00
   4.67000000e+00    2.26936114e-01    2.00666147e+00    2.07701458e-02    1.00000000e+00
   5.08000000e+00    3.42928564e-01    2.05874483e+00    1.41201394e-02    1.00000000e+00
   4.94000000e+00    3.69323706e-01    2.03662217e+00    2.12286929e-02    1.00000000e+00
   5.48000000e+00    4.87442304e-01    2.07380070e+00    3.11794071e-02    1.00000000e+00
   5.33000000e+00    3.86134692e-01    2.05830558e+00    1.46233207e-02    1.00000000e+00
   5.92000000e+00    5.33666563e-01    2.07899300e+00    1.46252192e-02    1.00000000e+00
   6.47000000e+00    4.88569340e-01    2.10968130e+00    1.69720007e-02    1.00000000e+00
   6.24000000e+00    9.01110426e-01    2.08149235e+00    2.78476679e-02    1.00000000e+00
   6.75000000e+00    5.34696175e-01    2.14050390e+00    3.73946599e-02    1.00000000e+00
   6.98000000e+00    1.73205081e-01    2.13215042e+00    1.89845272e-02    1.00000000e+00
   8.13000000e+00    1.07270686e+00    2.17677143e+00    5.47226721e-02    1.00000000e+00
   8.64000000e+00    8.67640479e-01    2.17722210e+00    6.23108540e-02    1.00000000e+00
   1.03200000e+01    9.24770242e-01    2.23789878e+00    2.79360484e-02    1.00000000e+00
   1.01100000e+01    5.93548650e-01    2.23100895e+00    1.93140789e-02    1.00000000e+00
   1.04900000e+01    6.42728559e-01    2.28036488e+00    6.37783781e-02    1.00000000e+00
   1.20400000e+01    2.55562126e+00    2.31938372e+00    1.01902845e-01    1.00000000e+00
   1.30000000e+01    1.73205081e+00    2.29641862e+00    1.41433808e-02    0.00000000e+00
   1.50000000e+01    1.73205081e+00    2.31150958e+00    8.05263658e-03    0.00000000e+00
   1.60000000e+01    0.00000000e+00    2.35298615e+00    1.01571583e-02    0.00000000e+00
   1.70000000e+01    1.73205081e+00    2.38119603e+00    7.42474220e-03    0.00000000e+00
   2.00000000e+01    0.00000000e+00    2.41403432e+00    9.39209563e-03    0.00000000e+00
   2.30000000e+01    1.73205081e+00    2.44587435e+00    1.09895155e-02    0.00000000e+00
   2.60000000e+01    2.00000000e+00    2.49944665e+00    1.00993170e-02    0.00000000e+00
   2.90000000e+01    3.35261092e+00    2.53208595e+00    5.91320448e-02    1.00000000e+00
   3.44000000e+01    4.12795349e+00    2.59116015e+00    7.36822978e-02    1.00000000e+00
   3.98000000e+01    6.91953756e+00    2.66370943e+00    1.04081234e-01    1.00000000e+00
   4.61000000e+01    6.06877253e+00    2.71993092e+00    6.52864309e-02    1.00000000e+00
   4.00000000e+01    0.00000000e+00    2.66168230e+00    1.29410591e-02    0.00000000e+00
   5.26000000e+01    4.21900462e+00    2.74069780e+00    7.13194325e-02    1.00000000e+00
   8.00000000e+01    0.00000000e+00    2.81483833e+00    1.32297935e-02    0.00000000e+00
   8.00000000e+01    0.00000000e+00    2.85596318e+00    1.40492199e-02    0.00000000e+00
   1.20000000e+02    0.00000000e+00    2.91922632e+00    2.58723937e-02    0.00000000e+00
   1.60000000e+02    0.00000000e+00    2.99166633e+00    5.10129440e-02    0.00000000e+00
   1.80000000e+02    2.00000000e+01    3.02787880e+00    1.67562931e-02    0.00000000e+00
   2.30000000e+02    1.73205081e+01    3.10079495e+00    3.30397434e-02    0.00000000e+00
   3.20000000e+02    6.92820323e+01    3.20117242e+00    6.71507002e-02    0.00000000e+00
   4.10000000e+02    7.14142843e+01    3.24185782e+00    8.10349590e-03    0.00000000e+00
   5.70000000e+02    9.11043358e+01    3.34720685e+00    3.39753794e-02    0.00000000e+00
