   1.93496774e-01    6.16643950e-04    2.00000000e-01    0.00000000e+00
   2.01494397e-01    1.89765260e-04    2.00000000e-01    0.00000000e+00
   2.10696601e-01    1.41613415e-04    2.00000000e-01    0.00000000e+00
   2.20499057e-01    4.68904391e-04    2.00000000e-01    0.00000000e+00
   2.30926094e-01    3.89891989e-04    2.00000000e-01    0.00000000e+00
   2.43420166e-01    8.65841274e-04    2.00000000e-01    0.00000000e+00
   2.56674259e-01    2.02058544e-04    2.00000000e-01    0.00000000e+00
   2.65319342e-01    3.61360033e-04    2.00000000e-01    0.00000000e+00
   2.74518500e-01    1.30308827e-03    2.00000000e-01    0.00000000e+00
   2.87420972e-01    6.61801884e-04    2.00000000e-01    0.00000000e+00
   2.97908298e-01    1.78117621e-03    2.00000000e-01    0.00000000e+00
   3.11161226e-01    1.03025394e-03    2.00000000e-01    0.00000000e+00
   3.24899167e-01    9.52640027e-04    2.00000000e-01    0.00000000e+00
   3.39788387e-01    1.00749657e-03    2.00000000e-01    0.00000000e+00
   3.55673892e-01    8.38396969e-04    2.00000000e-01    0.00000000e+00
   3.75732811e-01    1.59838642e-03    2.00000000e-01    0.00000000e+00
   3.96686475e-01    4.39422407e-04    2.00000000e-01    0.00000000e+00
   4.06666200e-01    3.25831967e-03    2.00000000e-01    0.00000000e+00
   4.09982308e-01    2.19509923e-03    2.00000000e-01    0.00000000e+00
   4.18713645e-01    1.29550577e-03    2.00000000e-01    0.00000000e+00
   4.28370779e-01    2.51112036e-03    2.00000000e-01    0.00000000e+00
   4.35325196e-01    2.19417889e-03    2.00000000e-01    0.00000000e+00
   4.44948679e-01    1.81832972e-03    2.00000000e-01    0.00000000e+00
   4.55953603e-01    2.68685263e-03    2.00000000e-01    0.00000000e+00
   4.63799050e-01    6.77420455e-04    2.00000000e-01    0.00000000e+00
   4.74971499e-01    3.72597733e-03    2.00000000e-01    0.00000000e+00
   4.87349739e-01    2.20129606e-03    2.00000000e-01    0.00000000e+00
   4.94048006e-01    1.87462795e-03    2.00000000e-01    0.00000000e+00
   5.12515634e-01    2.76657519e-03    2.00000000e-01    0.00000000e+00
   5.23841007e-01    7.36765933e-04    2.00000000e-01    0.00000000e+00
   5.35604807e-01    5.21715171e-03    2.00000000e-01    0.00000000e+00
   5.49377085e-01    2.86405226e-03    2.00000000e-01    0.00000000e+00
   5.60359341e-01    6.05746287e-03    2.00000000e-01    0.00000000e+00
   5.79249572e-01    1.72441405e-03    2.00000000e-01    0.00000000e+00
   5.96598601e-01    4.89524084e-03    2.00000000e-01    0.00000000e+00
   6.11320589e-01    4.37825489e-03    2.00000000e-01    0.00000000e+00
   6.30153183e-01    4.41448961e-03    2.00000000e-01    0.00000000e+00
   6.50848314e-01    4.71793131e-03    2.00000000e-01    0.00000000e+00
   6.71067587e-01    5.39512208e-03    2.00000000e-01    0.00000000e+00
   6.94717132e-01    3.35462784e-03    2.00000000e-01    0.00000000e+00
   7.15896800e-01    8.76540972e-03    2.00000000e-01    0.00000000e+00
   7.34427025e-01    7.08225638e-03    2.00000000e-01    0.00000000e+00
   7.65406810e-01    5.97381041e-03    2.00000000e-01    0.00000000e+00
   7.91106652e-01    3.66881594e-03    2.00000000e-01    0.00000000e+00
   8.27342524e-01    4.73834585e-03    2.00000000e-01    0.00000000e+00
   8.61600223e-01    5.42217001e-03    2.00000000e-01    0.00000000e+00
   8.88116890e-01    7.00735692e-03    2.00000000e-01    0.00000000e+00
   9.36736783e-01    3.39550484e-03    2.00000000e-01    0.00000000e+00
   9.77219943e-01    3.66695494e-03    2.00000000e-01    0.00000000e+00
   1.01574177e+00    8.95663295e-03    2.00000000e-01    0.00000000e+00
   1.07433084e+00    1.58481983e-02    2.00000000e-01    0.00000000e+00
   1.12297952e+00    1.03599050e-02    2.00000000e-01    0.00000000e+00
   1.19227520e+00    1.97148376e-02    2.00000000e-01    0.00000000e+00
   1.24984897e+00    3.32538012e-02    2.00000000e-01    0.00000000e+00
   1.31403303e+00    2.14302517e-02    2.00000000e-01    0.00000000e+00
   1.42249656e+00    1.71758390e-02    2.00000000e-01    0.00000000e+00
   1.48359567e+00    1.78533428e-02    2.00000000e-01    0.00000000e+00
   1.58837171e+00    1.03964163e-02    2.00000000e-01    0.00000000e+00
   1.67473137e+00    4.59830472e-02    2.00000000e-01    0.00000000e+00
   1.83890252e+00    3.30498708e-02    2.00000000e-01    0.00000000e+00
   1.97768768e+00    1.55111704e-02    2.00000000e-01    0.00000000e+00
   2.14423405e+00    6.94041340e-02    2.00000000e-01    0.00000000e+00
   2.13474051e+00    5.03714942e-02    2.00000000e-01    0.00000000e+00
   2.17305888e+00    5.62083316e-02    2.00000000e-01    0.00000000e+00
   2.14830606e+00    3.58850105e-02    2.00000000e-01    0.00000000e+00
   2.22774507e+00    2.66824961e-02    2.00000000e-01    0.00000000e+00
   2.26759956e+00    7.84537703e-02    2.00000000e-01    0.00000000e+00
   2.27653326e+00    6.07829536e-02    2.00000000e-01    0.00000000e+00
   2.29581090e+00    7.76239085e-02    2.00000000e-01    0.00000000e+00
   2.29652856e+00    5.18703241e-02    2.00000000e-01    0.00000000e+00
   2.33625256e+00    7.49984888e-02    2.00000000e-01    0.00000000e+00
   2.40325107e+00    2.91940833e-02    2.00000000e-01    0.00000000e+00
   2.51860749e+00    9.94978367e-02    2.00000000e-01    0.00000000e+00
   2.62812448e+00    3.77506079e-02    2.00000000e-01    0.00000000e+00
   2.64687121e+00    6.23483411e-02    2.00000000e-01    0.00000000e+00
   2.81730023e+00    5.75223914e-02    2.00000000e-01    0.00000000e+00
   2.92056412e+00    7.01265282e-02    2.00000000e-01    0.00000000e+00
   3.03765998e+00    5.79370153e-02    2.00000000e-01    0.00000000e+00
   2.97775190e+00    9.76841721e-02    2.00000000e-01    0.00000000e+00
   3.08157125e+00    6.95608467e-02    2.00000000e-01    0.00000000e+00
   3.08387450e+00    5.70972508e-02    2.00000000e-01    0.00000000e+00
   3.14158160e+00    3.12873463e-02    2.00000000e-01    0.00000000e+00
   3.22170100e+00    1.56577514e-02    2.00000000e-01    0.00000000e+00
   3.31441303e+00    3.16092984e-02    2.00000000e-01    0.00000000e+00
   3.30072517e+00    6.29739473e-02    2.00000000e-01    0.00000000e+00
   3.37352972e+00    1.22925389e-02    2.00000000e-01    0.00000000e+00
   3.41584656e+00    4.59219663e-02    2.00000000e-01    0.00000000e+00
   3.45911402e+00    2.93351587e-02    2.00000000e-01    0.00000000e+00
   3.50055476e+00    2.13340619e-02    2.00000000e-01    0.00000000e+00
   3.50616097e+00    6.17095623e-02    2.00000000e-01    0.00000000e+00
   3.56687081e+00    5.44263108e-02    2.00000000e-01    0.00000000e+00
   3.64487547e+00    6.66178357e-02    2.00000000e-01    0.00000000e+00
   3.66908913e+00    5.16956823e-02    2.00000000e-01    0.00000000e+00
   3.62314804e+00    5.24232053e-02    2.00000000e-01    0.00000000e+00
   3.76145401e+00    1.06515297e-02    2.00000000e-01    0.00000000e+00
   3.77515704e+00    3.22594613e-02    2.00000000e-01    0.00000000e+00
   3.83249868e+00    6.45423140e-02    2.00000000e-01    0.00000000e+00
   3.90255336e+00    5.51876414e-02    2.00000000e-01    0.00000000e+00
   3.97362933e+00    9.84975938e-02    2.00000000e-01    0.00000000e+00
   4.03031167e+00    6.80162840e-02    2.00000000e-01    0.00000000e+00
   4.04350185e+00    3.15787987e-02    2.00000000e-01    0.00000000e+00
   4.13702258e+00    7.32712838e-02    2.00000000e-01    0.00000000e+00
   4.16614755e+00    9.12225035e-03    2.00000000e-01    0.00000000e+00
   4.19564172e+00    6.26028549e-02    2.00000000e-01    0.00000000e+00
   4.25720519e+00    5.60488206e-02    2.00000000e-01    0.00000000e+00
   4.25957422e+00    7.31237222e-02    2.00000000e-01    0.00000000e+00
   4.33535994e+00    1.09527719e-01    2.00000000e-01    0.00000000e+00
   4.42367799e+00    3.32008146e-02    2.00000000e-01    0.00000000e+00
   4.49788676e+00    3.43488784e-02    2.00000000e-01    0.00000000e+00
   4.59791405e+00    8.13567218e-02    2.00000000e-01    0.00000000e+00
   4.84764213e+00    8.78927423e-02    2.00000000e-01    0.00000000e+00
   5.19559657e+00    4.64473196e-02    2.00000000e-01    0.00000000e+00
   5.65678101e+00    7.33209214e-02    2.00000000e-01    0.00000000e+00
   6.13701070e+00    1.03276128e-01    2.00000000e-01    0.00000000e+00
   6.71472293e+00    8.40091156e-02    2.00000000e-01    0.00000000e+00
   7.35425829e+00    3.43487435e-02    2.00000000e-01    0.00000000e+00
   8.12217206e+00    1.04242808e-01    2.00000000e-01    0.00000000e+00
   8.94662744e+00    1.85303773e-02    2.00000000e-01    0.00000000e+00
   1.00072901e+01    1.69687262e-01    2.00000000e-01    0.00000000e+00
   1.11591811e+01    2.43547341e-02    2.00000000e-01    0.00000000e+00
   1.26274801e+01    1.68704148e-01    2.00000000e-01    0.00000000e+00
   1.42889528e+01    2.22428061e-01    2.00000000e-01    0.00000000e+00
   1.64927788e+01    1.93862791e-01    2.00000000e-01    0.00000000e+00
   1.87294390e+01    2.53590449e-01    2.00000000e-01    0.00000000e+00
   2.26238711e+01    2.72742052e-01    2.00000000e-01    0.00000000e+00
   2.69671167e+01    9.59157069e-01    2.00000000e-01    0.00000000e+00
   2.88094148e+01    4.49431237e-01    2.00000000e-01    0.00000000e+00
   3.14735994e+01    1.10953702e+00    2.00000000e-01    0.00000000e+00
   3.34675954e+01    6.68185062e-01    2.00000000e-01    0.00000000e+00
   3.33450625e+01    3.97668666e-01    2.00000000e-01    0.00000000e+00
   3.69639199e+01    8.53944148e-01    2.00000000e-01    0.00000000e+00
   4.04486859e+01    1.32177091e+00    2.00000000e-01    0.00000000e+00
   4.41324091e+01    6.35649757e-01    2.00000000e-01    0.00000000e+00
   4.84084430e+01    1.20680315e+00    2.00000000e-01    0.00000000e+00
   4.92504014e+01    4.51443136e-01    2.00000000e-01    0.00000000e+00
   5.12996267e+01    5.55327824e-01    2.00000000e-01    0.00000000e+00
   5.71593062e+01    6.13213830e-01    2.00000000e-01    0.00000000e+00
   6.25137334e+01    9.08579269e-01    2.00000000e-01    0.00000000e+00
   7.13987614e+01    4.36468089e-01    2.00000000e-01    0.00000000e+00
   7.89211931e+01    1.75718570e+00    2.00000000e-01    0.00000000e+00
   8.66932165e+01    1.11312873e+00    2.00000000e-01    0.00000000e+00
   1.01944652e+02    2.66141404e+00    2.00000000e-01    0.00000000e+00
   1.17822153e+02    2.79472868e+00    2.00000000e-01    0.00000000e+00
   1.28937181e+02    3.35222053e+00    2.00000000e-01    0.00000000e+00
   1.47846241e+02    2.69003650e+00    2.00000000e-01    0.00000000e+00
   1.74047288e+02    5.28325480e+00    2.00000000e-01    0.00000000e+00
   2.01731705e+02    3.72068841e+00    2.00000000e-01    0.00000000e+00
   2.30980153e+02    2.42748717e+00    2.00000000e-01    0.00000000e+00
   2.74613602e+02    8.95896195e+00    2.00000000e-01    0.00000000e+00
   3.58183734e+02    1.39431957e+01    2.00000000e-01    0.00000000e+00
   3.97441741e+02    9.48765991e+00    2.00000000e-01    0.00000000e+00
   4.95485589e+02    1.71838517e+01    2.00000000e-01    0.00000000e+00
   6.07517093e+02    5.96233205e+00    2.00000000e-01    0.00000000e+00
   7.62592471e+02    4.15940414e+01    2.00000000e-01    0.00000000e+00
   9.48711052e+02    1.04320695e+01    2.00000000e-01    0.00000000e+00
   1.17467888e+03    3.62057503e+01    2.00000000e-01    0.00000000e+00
   1.55745974e+03    7.79498991e+01    2.00000000e-01    0.00000000e+00
   1.93435445e+03    1.86224768e+02    2.00000000e-01    0.00000000e+00
   2.59372029e+03    2.15229449e+02    2.00000000e-01    0.00000000e+00
   3.47941555e+03    1.92392985e+02    2.00000000e-01    0.00000000e+00
   4.09992076e+03    1.46263166e+02    2.00000000e-01    0.00000000e+00
   5.98375411e+03    5.78153610e+02    2.00000000e-01    0.00000000e+00
   1.01700448e+04    3.61208142e+03    2.00000000e-01    0.00000000e+00
   1.38691765e+04    2.63868288e+03    2.00000000e-01    0.00000000e+00
   1.81484067e+04    3.32922157e+03    2.00000000e-01    0.00000000e+00
