   1.70000000e+00    0.00000000e+00    1.49988420e+01    6.86880994e-04    2.81516810e+02    1.52454961e-02    2.03555307e+01    2.06610713e-03    2.03555307e+01    2.06610713e-03    4.28481693e+01    2.04105982e-03
   1.70000000e+00    0.00000000e+00    1.44994188e+01    1.42632068e-03    2.76619175e+02    5.99635514e-03    1.98103680e+01    8.10279890e-04    1.98103680e+01    8.10279890e-04    4.15540585e+01    2.04341889e-03
   1.70000000e+00    0.00000000e+00    1.39990288e+01    9.38436566e-04    2.71660745e+02    1.63866569e-02    1.92574850e+01    2.05442267e-03    1.92574850e+01    2.05442267e-03    4.02507780e+01    2.59853295e-03
   1.70000000e+00    0.00000000e+00    1.34990330e+01    1.85952023e-03    2.66676285e+02    5.46071653e-03    1.87015318e+01    5.19529294e-04    1.87015318e+01    5.19529294e-04    3.89450190e+01    2.98412324e-03
   1.70000000e+00    0.00000000e+00    1.30006060e+01    1.21807574e-03    2.61595498e+02    8.85905575e-03    1.81327093e+01    1.22689229e-03    1.81327093e+01    1.22689229e-03    3.76287432e+01    1.61825282e-03
   1.70000000e+00    0.00000000e+00    1.25005260e+01    7.55002649e-04    2.56422093e+02    1.46464285e-02    1.75523910e+01    1.88279433e-03    1.75523910e+01    1.88279433e-03    3.62984920e+01    2.89814475e-03
   1.70000000e+00    0.00000000e+00    1.19999972e+01    1.27273512e-03    2.51211843e+02    5.12986537e-03    1.69673680e+01    4.15923671e-04    1.69673680e+01    4.15923671e-04    3.49628640e+01    2.28785369e-03
   1.70000000e+00    0.00000000e+00    1.16991200e+01    1.17299723e-03    2.48042255e+02    1.24331141e-02    1.66110010e+01    1.71516005e-03    1.66110010e+01    1.71516005e-03    3.41552932e+01    1.77266556e-03
   1.70000000e+00    0.00000000e+00    1.14011743e+01    8.98226134e-04    2.44838260e+02    3.63904520e-03    1.62495510e+01    5.22108705e-04    1.62495510e+01    5.22108705e-04    3.33470370e+01    1.34287620e-03
   1.70000000e+00    0.00000000e+00    1.10998532e+01    9.21136899e-04    2.41609190e+02    3.28155451e-03    1.58857302e+01    6.92239978e-04    1.58857302e+01    6.92239978e-04    3.25313485e+01    7.42509428e-04
   1.70000000e+00    0.00000000e+00    1.08005027e+01    6.08386544e-04    2.38371687e+02    1.36416098e-02    1.55203228e+01    1.91844330e-03    1.55203228e+01    1.91844330e-03    3.17170268e+01    1.24864935e-03
   1.70000000e+00    0.00000000e+00    1.05002015e+01    8.85838162e-04    2.35063335e+02    1.71553395e-02    1.51461885e+01    2.22376960e-03    1.51461885e+01    2.22376960e-03    3.08925535e+01    3.37452949e-03
   1.70000000e+00    0.00000000e+00    1.02019747e+01    1.34898839e-03    2.31729042e+02    9.41975683e-03    1.47680935e+01    1.10574873e-03    1.47680935e+01    1.10574873e-03    3.00672298e+01    2.49596368e-03
   1.70000000e+00    0.00000000e+00    9.89989217e+00    7.34247701e-04    2.28373047e+02    1.41010910e-02    1.43882590e+01    1.94155028e-03    1.43882590e+01    1.94155028e-03    2.92343848e+01    1.55565330e-03
   1.70000000e+00    0.00000000e+00    9.59915493e+00    7.64183631e-04    2.24959695e+02    9.71575396e-03    1.40007137e+01    1.25108041e-03    1.40007137e+01    1.25108041e-03    2.83958462e+01    2.11692541e-03
   1.70000000e+00    0.00000000e+00    9.30043495e+00    5.13468181e-04    2.21519798e+02    1.49950065e-02    1.36092842e+01    1.99454862e-03    1.36092842e+01    1.99454862e-03    2.75564488e+01    2.07127200e-03
   1.70000000e+00    0.00000000e+00    9.00017432e+00    5.53347569e-04    2.18051097e+02    1.57917928e-02    1.32147370e+01    2.09959079e-03    1.32147370e+01    2.09959079e-03    2.67116233e+01    2.18632641e-03
   1.70000000e+00    0.00000000e+00    8.90035422e+00    8.31869916e-04    2.16876003e+02    7.33970495e-03    1.30807432e+01    7.52884910e-04    1.30807432e+01    7.52884910e-04    2.64279365e+01    1.91319791e-03
   1.70000000e+00    0.00000000e+00    8.80082835e+00    7.28193194e-04    2.15706867e+02    6.28571545e-03    1.29473888e+01    9.19169836e-04    1.29473888e+01    9.19169836e-04    2.61453310e+01    1.23392767e-03
   1.70000000e+00    0.00000000e+00    8.69889595e+00    1.01974123e-03    2.14512988e+02    6.19895707e-03    1.28113335e+01    9.24893102e-04    1.28113335e+01    9.24893102e-04    2.58564155e+01    1.13996195e-03
   1.70000000e+00    0.00000000e+00    8.60010262e+00    7.20178493e-04    2.13328598e+02    2.27068685e-03    1.26759862e+01    3.60829859e-04    1.26759862e+01    3.60829859e-04    2.55729153e+01    9.93501730e-04
   1.70000000e+00    0.00000000e+00    8.49980497e+00    6.14381036e-04    2.12153645e+02    1.01144216e-02    1.25421422e+01    1.33371368e-03    1.25421422e+01    1.33371368e-03    2.52886622e+01    1.68859266e-03
   1.70000000e+00    0.00000000e+00    8.40015338e+00    1.18355365e-03    2.10946915e+02    7.86749801e-03    1.24040995e+01    1.13757296e-03    1.24040995e+01    1.13757296e-03    2.50011795e+01    9.58883856e-04
   1.70000000e+00    0.00000000e+00    8.29951482e+00    1.42997855e-03    2.09751040e+02    6.46151298e-03    1.22674948e+01    7.24042601e-04    1.22674948e+01    7.24042601e-04    2.47136547e+01    2.47416838e-03
   1.70000000e+00    0.00000000e+00    8.19979645e+00    1.02669876e-03    2.08557038e+02    9.26792689e-03    1.21312920e+01    1.52054579e-03    1.21312920e+01    1.52054579e-03    2.44279117e+01    3.19772087e-04
   1.70000000e+00    0.00000000e+00    8.09992740e+00    6.42399693e-04    2.07343590e+02    7.50496169e-03    1.19923275e+01    1.03385214e-03    1.19923275e+01    1.03385214e-03    2.41391813e+01    1.06406682e-03
   1.70000000e+00    0.00000000e+00    7.99989490e+00    7.12913967e-04    2.06137113e+02    1.31964586e-02    1.18544612e+01    1.83363238e-03    1.18544612e+01    1.83363238e-03    2.38513037e+01    1.41126829e-03
   1.70000000e+00    0.00000000e+00    7.89911563e+00    2.67225218e-04    2.04900895e+02    7.52198611e-03    1.17129110e+01    9.78069016e-04    1.17129110e+01    9.78069016e-04    2.35586220e+01    1.01507118e-03
   1.70000000e+00    0.00000000e+00    7.80084300e+00    7.86054890e-04    2.03685930e+02    1.35985974e-02    1.15734648e+01    1.71228376e-03    1.15734648e+01    1.71228376e-03    2.32718040e+01    2.47841532e-03
   1.70000000e+00    0.00000000e+00    7.69962085e+00    4.18740818e-04    2.02454792e+02    6.88188701e-03    1.14326763e+01    9.04437774e-04    1.14326763e+01    9.04437774e-04    2.29792200e+01    1.13738318e-03
   1.70000000e+00    0.00000000e+00    7.60083692e+00    3.92147691e-04    2.01222920e+02    1.13486034e-02    1.12912700e+01    1.28418846e-03    1.12912700e+01    1.28418846e-03    2.26896750e+01    1.85140636e-03
   1.70000000e+00    0.00000000e+00    7.49945188e+00    6.72517053e-04    1.99971155e+02    9.71994470e-03    1.11477660e+01    1.28536123e-03    1.11477660e+01    1.28536123e-03    2.23941315e+01    1.34980767e-03
   1.70000000e+00    0.00000000e+00    7.39987770e+00    4.89219102e-04    1.98712455e+02    1.54273985e-02    1.10031160e+01    2.05412609e-03    1.10031160e+01    2.05412609e-03    2.21001578e+01    2.58587407e-03
   1.70000000e+00    0.00000000e+00    7.30049578e+00    1.09840565e-03    1.97457662e+02    1.65131347e-02    1.08587733e+01    2.09745231e-03    1.08587733e+01    2.09745231e-03    2.18067790e+01    3.22488287e-03
   1.70000000e+00    0.00000000e+00    7.19989240e+00    4.99359785e-04    1.96210553e+02    1.61211623e-03    1.07160450e+01    3.64319228e-04    1.07160450e+01    3.64319228e-04    2.15131840e+01    4.94214022e-04
   1.70000000e+00    0.00000000e+00    7.10008127e+00    1.27562088e-03    1.94941485e+02    5.92880047e-03    1.05700505e+01    5.22877854e-04    1.05700505e+01    5.22877854e-04    2.12175100e+01    2.10217399e-03
   1.70000000e+00    0.00000000e+00    7.00007753e+00    4.99511363e-04    1.93661035e+02    9.58164521e-03    1.04226112e+01    1.44254140e-03    1.04226112e+01    1.44254140e-03    2.09201028e+01    7.73207079e-04
   1.70000000e+00    0.00000000e+00    6.89984685e+00    7.22163048e-04    1.92384280e+02    1.34445993e-02    1.02758862e+01    1.87875469e-03    1.02758862e+01    1.87875469e-03    2.06230693e+01    1.53946084e-03
   1.70000000e+00    0.00000000e+00    6.79974350e+00    5.09338605e-04    1.91103007e+02    1.43866003e-02    1.01283497e+01    1.88934134e-03    1.01283497e+01    1.88934134e-03    2.03254150e+01    2.35796003e-03
   1.70000000e+00    0.00000000e+00    6.70020120e+00    6.46311307e-04    1.89802498e+02    8.48151040e-03    9.97841738e+00    1.04646373e-03    9.97841738e+00    1.04646373e-03    2.00262068e+01    1.85470272e-03
   1.70000000e+00    0.00000000e+00    6.59961007e+00    3.64283978e-04    1.88500940e+02    8.60446686e-03    9.82858415e+00    1.15730097e-03    9.82858415e+00    1.15730097e-03    1.97255242e+01    1.15269909e-03
   1.70000000e+00    0.00000000e+00    6.49980922e+00    9.85606624e-04    1.87187897e+02    7.44976300e-03    9.67706152e+00    9.42478478e-04    9.67706152e+00    9.42478478e-04    1.94243380e+01    1.95070385e-03
   1.70000000e+00    0.00000000e+00    6.39950897e+00    5.36188248e-04    1.85881270e+02    1.37581194e-02    9.52648208e+00    1.93850134e-03    9.52648208e+00    1.93850134e-03    1.91233457e+01    1.54760967e-03
   1.70000000e+00    0.00000000e+00    6.29994008e+00    4.30178198e-04    1.84557243e+02    1.40075451e-02    9.37352078e+00    1.81380134e-03    9.37352078e+00    1.81380134e-03    1.88210685e+01    2.18938262e-03
   1.70000000e+00    0.00000000e+00    6.20054883e+00    6.16135348e-04    1.83233778e+02    4.92192734e-03    9.22064100e+00    6.57978370e-04    9.22064100e+00    6.57978370e-04    1.85191390e+01    8.26240280e-04
   1.70000000e+00    0.00000000e+00    6.09961310e+00    5.18752267e-04    1.81882410e+02    9.65407427e-03    9.06458642e+00    1.40388748e-03    9.06458642e+00    1.40388748e-03    1.82117185e+01    9.77728106e-04
   1.70000000e+00    0.00000000e+00    5.99959828e+00    6.29600700e-04    1.80539918e+02    9.55977085e-03    8.90928015e+00    1.29899035e-03    8.90928015e+00    1.29899035e-03    1.79064277e+01    1.84073605e-03
   1.70000000e+00    0.00000000e+00    5.89938720e+00    1.21531482e-03    1.79198500e+02    9.45165858e-03    8.75438045e+00    1.04127126e-03    8.75438045e+00    1.04127126e-03    1.76012490e+01    2.55715897e-03
   1.70000000e+00    0.00000000e+00    5.80040960e+00    5.79800323e-04    1.77839972e+02    7.70335763e-03    8.59689685e+00    8.58568508e-04    8.59689685e+00    8.58568508e-04    1.72953360e+01    1.53029589e-03
   1.70000000e+00    0.00000000e+00    5.69972602e+00    7.80088349e-04    1.76466340e+02    3.68086267e-03    8.43795123e+00    5.34982553e-04    8.43795123e+00    5.34982553e-04    1.69854030e+01    1.07528066e-03
   1.70000000e+00    0.00000000e+00    5.59946320e+00    5.93138580e-04    1.75091195e+02    4.78737141e-03    8.27874123e+00    5.36187422e-04    8.27874123e+00    5.36187422e-04    1.66758362e+01    1.41346071e-03
   1.70000000e+00    0.00000000e+00    5.50006885e+00    5.18510803e-04    1.73705582e+02    5.75734042e-03    8.11798078e+00    8.86889648e-04    8.11798078e+00    8.86889648e-04    1.63660215e+01    4.56700394e-04
   1.70000000e+00    0.00000000e+00    5.40001735e+00    3.53944519e-04    1.72302753e+02    5.67226311e-03    7.95505913e+00    7.05086351e-04    7.95505913e+00    7.05086351e-04    1.60530600e+01    9.65716832e-04
   1.70000000e+00    0.00000000e+00    5.30006095e+00    4.95158876e-04    1.70901400e+02    5.55019369e-03    7.79253058e+00    5.80754390e-04    7.79253058e+00    5.80754390e-04    1.57406345e+01    1.24840909e-03
   1.70000000e+00    0.00000000e+00    5.19968170e+00    2.98426029e-04    1.69492142e+02    1.16708769e-02    7.62901383e+00    1.48115014e-03    7.62901383e+00    1.48115014e-03    1.54265865e+01    1.92044715e-03
   1.70000000e+00    0.00000000e+00    5.09988543e+00    3.62440122e-04    1.68066820e+02    4.56961158e-03    7.46322435e+00    6.45196104e-04    7.46322435e+00    6.45196104e-04    1.51111400e+01    6.01570029e-04
   1.70000000e+00    0.00000000e+00    5.00020727e+00    2.52224021e-04    1.66630012e+02    4.73561176e-03    7.29603265e+00    7.14887881e-04    7.29603265e+00    7.14887881e-04    1.47944685e+01    6.02565557e-04
   1.70000000e+00    0.00000000e+00    4.89957447e+00    6.75909836e-04    1.65187678e+02    8.05526342e-03    7.12851375e+00    1.22618993e-03    7.12851375e+00    1.22618993e-03    1.44760380e+01    8.23543866e-04
   1.70000000e+00    0.00000000e+00    4.80018207e+00    1.71644376e-04    1.63740063e+02    1.27937121e-02    6.95972953e+00    1.75244508e-03    6.95972953e+00    1.75244508e-03    1.41582025e+01    1.76843752e-03
   1.70000000e+00    0.00000000e+00    4.69997892e+00    6.08812456e-04    1.62286232e+02    1.38202521e-02    6.79057850e+00    1.83519527e-03    6.79057850e+00    1.83519527e-03    1.38387845e+01    2.10790565e-03
   1.70000000e+00    0.00000000e+00    4.59999377e+00    6.15270275e-04    1.60817922e+02    8.51705165e-03    6.61952758e+00    1.25754914e-03    6.61952758e+00    1.25754914e-03    1.35177933e+01    4.63048256e-04
   1.70000000e+00    0.00000000e+00    4.50007140e+00    9.01052254e-04    1.59331513e+02    1.21785023e-02    6.44611898e+00    1.56086006e-03    6.44611898e+00    1.56086006e-03    1.31945385e+01    2.07392870e-03
   1.70000000e+00    0.00000000e+00    4.48986095e+00    6.49661825e-04    1.59183160e+02    4.49466906e-03    6.42890337e+00    6.66519742e-04    6.42890337e+00    6.66519742e-04    1.31620112e+01    8.81048062e-04
   1.70000000e+00    0.00000000e+00    4.48001675e+00    2.29824993e-04    1.59029135e+02    3.32956829e-03    6.41084753e+00    4.06531834e-04    6.41084753e+00    4.06531834e-04    1.31291925e+01    5.00982285e-04
   1.70000000e+00    0.00000000e+00    4.47024335e+00    5.48662672e-04    1.58875278e+02    8.66473997e-03    6.39280415e+00    1.24550041e-03    6.39280415e+00    1.24550041e-03    1.30964925e+01    9.89196265e-04
   1.70000000e+00    0.00000000e+00    4.46012725e+00    7.51245614e-04    1.58730625e+02    7.05421328e-03    6.37595813e+00    9.17230040e-04    6.37595813e+00    9.17230040e-04    1.30644763e+01    9.71168208e-04
   1.70000000e+00    0.00000000e+00    4.45024193e+00    2.94849897e-04    1.58583745e+02    1.49691257e-02    6.35888573e+00    2.03630349e-03    6.35888573e+00    2.03630349e-03    1.30325798e+01    1.87412665e-03
   1.70000000e+00    0.00000000e+00    4.43914340e+00    5.18545919e-04    1.58435493e+02    2.85107326e-03    6.34184665e+00    3.63778645e-04    6.34184665e+00    3.63778645e-04    1.29988970e+01    8.74045479e-04
   1.70000000e+00    0.00000000e+00    4.42938008e+00    3.00370999e-04    1.58288988e+02    1.31023116e-02    6.32469102e+00    1.62486535e-03    6.32469102e+00    1.62486535e-03    1.29671002e+01    2.06644131e-03
   1.70000000e+00    0.00000000e+00    4.41969915e+00    4.32062302e-04    1.58141590e+02    1.11685115e-02    6.30744278e+00    1.48245341e-03    6.30744278e+00    1.48245341e-03    1.29353340e+01    1.65214119e-03
   1.70000000e+00    0.00000000e+00    4.41008167e+00    3.60722507e-04    1.57986495e+02    1.41910720e-02    6.28921402e+00    1.87989230e-03    6.28921402e+00    1.87989230e-03    1.29026828e+01    2.17112947e-03
   1.70000000e+00    0.00000000e+00    4.39987947e+00    8.03949742e-05    1.57833677e+02    1.07979312e-02    6.27149410e+00    1.51667753e-03    6.27149410e+00    1.51667753e-03    1.28696635e+01    1.55283426e-03
   1.70000000e+00    0.00000000e+00    4.34951135e+00    4.75272398e-04    1.57082670e+02    8.07008054e-03    6.18388348e+00    1.06174407e-03    6.18388348e+00    1.06174407e-03    1.27065192e+01    1.51161030e-03
   1.70000000e+00    0.00000000e+00    4.30055897e+00    2.25104224e-04    1.56323782e+02    1.06435928e-02    6.09482670e+00    1.33866205e-03    6.09482670e+00    1.33866205e-03    1.25440528e+01    1.24209770e-03
   1.70000000e+00    0.00000000e+00    4.24998400e+00    4.04925438e-04    1.55575858e+02    1.60059229e-02    6.00779380e+00    2.06874999e-03    6.00779380e+00    2.06874999e-03    1.23811760e+01    2.26863715e-03
   1.70000000e+00    0.00000000e+00    4.19977693e+00    7.35844784e-04    1.54806395e+02    8.83832988e-03    5.91773277e+00    1.22761829e-03    5.91773277e+00    1.22761829e-03    1.22158232e+01    1.49995840e-03
   1.70000000e+00    0.00000000e+00    4.18040300e+00    6.21042237e-04    1.54519837e+02    1.20093638e-02    5.88444495e+00    1.41645207e-03    5.88444495e+00    1.41645207e-03    1.21534818e+01    2.31382480e-03
   1.70000000e+00    0.00000000e+00    4.15994333e+00    2.85418599e-04    1.54217365e+02    1.10112794e-02    5.84911753e+00    1.43223694e-03    5.84911753e+00    1.43223694e-03    1.20874725e+01    1.68969295e-03
   1.70000000e+00    0.00000000e+00    4.15021965e+00    7.75520669e-04    1.54061995e+02    8.76671404e-03    5.83092955e+00    1.35695026e-03    5.83092955e+00    1.35695026e-03    1.20547025e+01    2.29547925e-04
   1.70000000e+00    0.00000000e+00    4.14007090e+00    9.83547660e-05    1.53898912e+02    1.38970417e-02    5.81166720e+00    1.87855973e-03    5.81166720e+00    1.87855973e-03    1.20202210e+01    1.92625699e-03
   1.70000000e+00    0.00000000e+00    4.11998402e+00    3.67570880e-04    1.53580570e+02    4.91121675e-03    5.77429688e+00    6.19032707e-04    5.77429688e+00    6.19032707e-04    1.19527278e+01    7.48068972e-04
   1.70000000e+00    0.00000000e+00    4.09977127e+00    4.95097573e-04    1.53280020e+02    8.47359133e-03    5.73935540e+00    1.15267398e-03    5.73935540e+00    1.15267398e-03    1.18874750e+01    1.22677606e-03
   1.70000000e+00    0.00000000e+00    4.08003628e+00    1.91153490e-04    1.52986207e+02    1.09878487e-02    5.70509680e+00    1.37097026e-03    5.70509680e+00    1.37097026e-03    1.18236213e+01    1.55533459e-03
   1.70000000e+00    0.00000000e+00    4.06015428e+00    2.59313887e-04    1.52674722e+02    1.26292644e-02    5.66843242e+00    1.68449124e-03    5.66843242e+00    1.68449124e-03    1.17571413e+01    1.39579948e-03
   1.70000000e+00    0.00000000e+00    4.05040430e+00    5.68259971e-04    1.52504298e+02    6.00555732e-03    5.64838265e+00    6.62552777e-04    5.64838265e+00    6.62552777e-04    1.17224700e+01    1.41595003e-03
   1.70000000e+00    0.00000000e+00    4.03960255e+00    5.60397616e-04    1.52361630e+02    1.59881534e-02    5.63208288e+00    2.02920940e-03    5.63208288e+00    2.02920940e-03    1.16899720e+01    2.49827130e-03
   1.70000000e+00    0.00000000e+00    4.03027622e+00    6.48562870e-04    1.52209070e+02    1.27178202e-02    5.61408087e+00    1.72881460e-03    5.61408087e+00    1.72881460e-03    1.16579840e+01    1.55079157e-03
   1.70000000e+00    0.00000000e+00    4.02013628e+00    2.47414888e-04    1.52065568e+02    1.75684111e-02    5.59738988e+00    2.27606352e-03    5.59738988e+00    2.27606352e-03    1.16260868e+01    2.01178060e-03
   1.70000000e+00    0.00000000e+00    4.01010598e+00    6.45588853e-04    1.51901158e+02    8.65797140e-03    5.57810862e+00    1.14194098e-03    5.57810862e+00    1.14194098e-03    1.15917638e+01    1.15835689e-03
   1.70000000e+00    0.00000000e+00    3.99940938e+00    4.00588295e-04    1.51750963e+02    1.49308445e-02    5.56081200e+00    1.90892680e-03    5.56081200e+00    1.90892680e-03    1.15584263e+01    2.45206855e-03
   1.70000000e+00    0.00000000e+00    3.99015125e+00    4.39616836e-04    1.51588305e+02    1.34715302e-02    5.54137310e+00    1.65546854e-03    5.54137310e+00    1.65546854e-03    1.15251037e+01    2.23485742e-03
   1.70000000e+00    0.00000000e+00    3.97987640e+00    1.20126080e-04    1.51442650e+02    1.01675095e-02    5.52460093e+00    1.40339882e-03    5.52460093e+00    1.40339882e-03    1.14929230e+01    1.26406626e-03
   1.70000000e+00    0.00000000e+00    3.96979245e+00    3.46829486e-04    1.51277337e+02    1.83293240e-02    5.50517610e+00    2.33571228e-03    5.50517610e+00    2.33571228e-03    1.14583763e+01    2.45709253e-03
   1.70000000e+00    0.00000000e+00    3.96020113e+00    5.51747231e-04    1.51133342e+02    9.06151581e-03    5.48830303e+00    1.28359036e-03    5.48830303e+00    1.28359036e-03    1.14271198e+01    1.21173664e-03
   1.70000000e+00    0.00000000e+00    3.95011915e+00    2.57455846e-04    1.50978545e+02    5.72281618e-03    5.47015170e+00    7.09019975e-04    5.47015170e+00    7.09019975e-04    1.13938493e+01    1.02422297e-03
   1.70000000e+00    0.00000000e+00    3.93972618e+00    4.87325283e-04    1.50812365e+02    1.02600256e-02    5.45065143e+00    1.27654109e-03    5.45065143e+00    1.27654109e-03    1.13587632e+01    1.77956531e-03
   1.70000000e+00    0.00000000e+00    3.92976957e+00    4.60708446e-04    1.50650078e+02    1.03254936e-02    5.43160148e+00    1.62027172e-03    5.43160148e+00    1.62027172e-03    1.13247817e+01    1.00147700e-03
   1.70000000e+00    0.00000000e+00    3.92021438e+00    4.09854873e-04    1.50498805e+02    1.81391972e-02    5.41380460e+00    2.40218166e-03    5.41380460e+00    2.40218166e-03    1.12926563e+01    2.65261968e-03
   1.70000000e+00    0.00000000e+00    3.90992892e+00    2.10491821e-04    1.50343163e+02    6.26842634e-03    5.39572935e+00    6.97253858e-04    5.39572935e+00    6.97253858e-04    1.12591565e+01    9.57083722e-04
   1.70000000e+00    0.00000000e+00    3.89998970e+00    2.65251758e-04    1.50185018e+02    3.66047384e-03    5.37712100e+00    5.57054432e-04    5.37712100e+00    5.57054432e-04    1.12256430e+01    2.13619990e-04
   1.70000000e+00    0.00000000e+00    3.88971012e+00    5.82573315e-04    1.50047870e+02    1.70370757e-02    5.36128893e+00    2.24434030e-03    5.36128893e+00    2.24434030e-03    1.11943955e+01    1.77973825e-03
   1.70000000e+00    0.00000000e+00    3.87984725e+00    2.76845024e-04    1.49890665e+02    1.42420267e-02    5.34287540e+00    1.91354104e-03    5.34287540e+00    1.91354104e-03    1.11611912e+01    1.90937220e-03
   1.70000000e+00    0.00000000e+00    3.87009152e+00    5.58616561e-04    1.49718873e+02    1.87915373e-03    5.32256750e+00    2.45369548e-04    5.32256750e+00    2.45369548e-04    1.11262535e+01    9.08872241e-04
   1.70000000e+00    0.00000000e+00    3.86000482e+00    3.50789085e-04    1.49557215e+02    7.01216978e-03    5.30350460e+00    8.76040929e-04    5.30350460e+00    8.76040929e-04    1.10920642e+01    9.96419684e-04
   1.70000000e+00    0.00000000e+00    3.84988853e+00    5.03475503e-04    1.49399020e+02    1.39851403e-02    5.28496782e+00    1.84506864e-03    5.28496782e+00    1.84506864e-03    1.10583567e+01    1.72251058e-03
   1.70000000e+00    0.00000000e+00    3.84014052e+00    3.64105331e-04    1.49244832e+02    5.29557067e-03    5.26701953e+00    5.86688156e-04    5.26701953e+00    5.86688156e-04    1.10257903e+01    1.10896402e-03
   1.70000000e+00    0.00000000e+00    3.83040595e+00    3.48362975e-04    1.49101067e+02    2.84587398e-02    5.25018030e+00    3.79259026e-03    5.25018030e+00    3.79259026e-03    1.09943530e+01    3.57638260e-03
   1.70000000e+00    0.00000000e+00    3.82007030e+00    3.11153250e-04    1.48942535e+02    8.18756832e-03    5.23162633e+00    1.08646528e-03    5.23162633e+00    1.08646528e-03    1.09602995e+01    7.23996720e-04
   1.70000000e+00    0.00000000e+00    3.80991420e+00    2.85395480e-04    1.48798303e+02    1.28949707e-02    5.21508307e+00    1.62602888e-03    5.21508307e+00    1.62602888e-03    1.09285258e+01    2.03445575e-03
   1.70000000e+00    0.00000000e+00    3.80014668e+00    5.03529847e-04    1.48636030e+02    1.27030331e-02    5.19596195e+00    1.67923236e-03    5.19596195e+00    1.67923236e-03    1.08947567e+01    1.71856821e-03
   1.70000000e+00    0.00000000e+00    3.74981360e+00    5.12103056e-04    1.47847622e+02    6.36230452e-03    5.10355450e+00    8.84328777e-04    5.10355450e+00    8.84328777e-04    1.07268685e+01    9.93237509e-04
   1.70000000e+00    0.00000000e+00    3.70007695e+00    6.36602162e-04    1.47056145e+02    9.40598214e-04    5.01062510e+00    1.11166699e-04    5.01062510e+00    1.11166699e-04    1.05593533e+01    8.60553129e-04
   1.70000000e+00    0.00000000e+00    3.65021440e+00    3.06812899e-04    1.46252293e+02    2.14708202e-02    4.91635580e+00    2.78070584e-03    4.91635580e+00    2.78070584e-03    1.03903085e+01    2.99169939e-03
   1.70000000e+00    0.00000000e+00    3.60046190e+00    4.03530718e-04    1.45451368e+02    2.30328487e-02    4.82220483e+00    3.06202269e-03    4.82220483e+00    3.06202269e-03    1.02215475e+01    3.07778480e-03
   1.70000000e+00    0.00000000e+00    3.54995565e+00    1.95514021e-04    1.44664930e+02    7.93472432e-03    4.73023865e+00    1.11318947e-03    4.73023865e+00    1.11318947e-03    1.00538407e+01    9.61730569e-04
   1.70000000e+00    0.00000000e+00    3.50004828e+00    2.97743702e-04    1.43848853e+02    9.64999838e-03    4.63443950e+00    1.22950625e-03    4.63443950e+00    1.22950625e-03    9.88319935e+00    1.35787676e-03
   1.70000000e+00    0.00000000e+00    3.44993390e+00    2.59894161e-04    1.43027760e+02    2.36240820e-02    4.53781790e+00    3.10695579e-03    4.53781790e+00    3.10695579e-03    9.71142503e+00    3.13119856e-03
   1.70000000e+00    0.00000000e+00    3.39970047e+00    1.07174096e-04    1.42217205e+02    1.35033042e-02    4.44264012e+00    1.86293425e-03    4.44264012e+00    1.86293425e-03    9.54091595e+00    1.83817113e-03
   1.70000000e+00    0.00000000e+00    3.34986867e+00    2.91443368e-04    1.41401865e+02    2.46517692e-02    4.34665585e+00    3.24132420e-03    4.34665585e+00    3.24132420e-03    9.37020265e+00    3.30700275e-03
   1.70000000e+00    0.00000000e+00    3.29990257e+00    2.01853157e-04    1.40591997e+02    3.36531852e-03    4.25164978e+00    3.10595238e-04    4.25164978e+00    3.10595238e-04    9.20026610e+00    4.53601394e-04
   1.70000000e+00    0.00000000e+00    3.25009053e+00    1.83485577e-04    1.39756805e+02    1.12612843e-02    4.15320767e+00    1.36021927e-03    4.15320767e+00    1.36021927e-03    9.02712465e+00    1.56985812e-03
   1.70000000e+00    0.00000000e+00    3.19974565e+00    6.48942727e-04    1.38941088e+02    3.63129849e-02    4.05750140e+00    4.65371151e-03    4.05750140e+00    4.65371151e-03    8.85591997e+00    4.87882282e-03
   1.70000000e+00    0.00000000e+00    3.15035635e+00    2.38753518e-04    1.38100480e+02    9.00535119e-03    3.95840108e+00    1.23740540e-03    3.95840108e+00    1.23740540e-03    8.68275420e+00    1.21724616e-03
   1.70000000e+00    0.00000000e+00    3.10017148e+00    2.60678215e-04    1.37293180e+02    2.43102170e-02    3.86360995e+00    3.33077225e-03    3.86360995e+00    3.33077225e-03    8.51270460e+00    3.47904554e-03
   1.70000000e+00    0.00000000e+00    3.05006270e+00    4.69000304e-04    1.36413138e+02    1.96160029e-02    3.75974037e+00    2.59683801e-03    3.75974037e+00    2.59683801e-03    8.33369065e+00    2.40770460e-03
   1.70000000e+00    0.00000000e+00    3.00009105e+00    1.58194825e-04    1.35556680e+02    4.04313517e-02    3.65867770e+00    5.13827540e-03    3.65867770e+00    5.13827540e-03    8.15768923e+00    5.24076995e-03
   1.70000000e+00    0.00000000e+00    2.97987883e+00    8.98298774e-05    1.35230180e+02    2.89098798e-02    3.62026258e+00    3.71905398e-03    3.62026258e+00    3.71905398e-03    8.08896340e+00    3.77414741e-03
   1.70000000e+00    0.00000000e+00    2.96027687e+00    4.57077042e-04    1.34878507e+02    4.08685358e-02    3.57863732e+00    5.19304779e-03    3.57863732e+00    5.19304779e-03    8.01794250e+00    5.58044242e-03
   1.70000000e+00    0.00000000e+00    2.94981383e+00    1.52297921e-04    1.34685360e+02    3.09533165e-02    3.55578915e+00    4.03897576e-03    3.55578915e+00    4.03897576e-03    7.97940367e+00    3.84772532e-03
   1.70000000e+00    0.00000000e+00    2.93970018e+00    8.19480483e-04    1.34566235e+02    2.59777304e-02    3.54238752e+00    3.41332694e-03    3.54238752e+00    3.41332694e-03    7.95083537e+00    2.89828774e-03
   1.70000000e+00    0.00000000e+00    2.92001972e+00    2.29534108e-04    1.34218560e+02    1.88059698e-02    3.50102120e+00    2.57348021e-03    3.50102120e+00    2.57348021e-03    7.87995578e+00    2.47880354e-03
   1.70000000e+00    0.00000000e+00    2.89985430e+00    2.42856532e-04    1.33845928e+02    4.54839078e-02    3.45669593e+00    5.93619424e-03    3.45669593e+00    5.93619424e-03    7.80538995e+00    5.83014055e-03
   1.70000000e+00    0.00000000e+00    2.87984195e+00    4.80895189e-04    1.33512097e+02    1.89405351e-02    3.41755045e+00    2.67242090e-03    3.41755045e+00    2.67242090e-03    7.73623347e+00    2.88032500e-03
   1.70000000e+00    0.00000000e+00    2.85986255e+00    6.57735699e-05    1.33163113e+02    2.83439644e-02    3.37640840e+00    3.70490809e-03    3.37640840e+00    3.70490809e-03    7.66512975e+00    3.80096978e-03
   1.70000000e+00    0.00000000e+00    2.84997357e+00    3.02468365e-04    1.33091037e+02    1.03115090e-02    3.36920858e+00    1.30956618e-03    3.36920858e+00    1.30956618e-03    7.64310017e+00    1.33321740e-03
   1.70000000e+00    0.00000000e+00    2.83991215e+00    2.06673722e-04    1.32924097e+02    1.03229414e-02    3.34948700e+00    1.32897878e-03    3.34948700e+00    1.32897878e-03    7.60829027e+00    1.08469517e-03
   1.70000000e+00    0.00000000e+00    2.81998745e+00    8.31647912e-05    1.32564610e+02    1.70990278e-02    3.30690425e+00    2.31682217e-03    3.30690425e+00    2.31682217e-03    7.53582795e+00    2.31977375e-03
   1.70000000e+00    0.00000000e+00    2.79979178e+00    2.61560236e-04    1.32234013e+02    1.65753663e-02    3.26802068e+00    2.16903342e-03    3.26802068e+00    2.16903342e-03    7.46665842e+00    2.48517832e-03
   1.70000000e+00    0.00000000e+00    2.78005017e+00    3.30312544e-04    1.31867525e+02    8.41608133e-03    3.22453585e+00    1.05629660e-03    3.22453585e+00    1.05629660e-03    7.39356857e+00    1.42465244e-03
   1.70000000e+00    0.00000000e+00    2.75974532e+00    2.31691145e-04    1.31532225e+02    1.58641238e-02    3.18514485e+00    2.10938054e-03    3.18514485e+00    2.10938054e-03    7.32372790e+00    2.15385927e-03
   1.70000000e+00    0.00000000e+00    2.74013225e+00    2.14441886e-04    1.31196145e+02    1.29449189e-02    3.14549785e+00    1.61407055e-03    3.14549785e+00    1.61407055e-03    7.25466870e+00    1.87660398e-03
   1.70000000e+00    0.00000000e+00    2.71999537e+00    1.43059627e-04    1.30812995e+02    2.45797015e-02    3.09972920e+00    3.26949247e-03    3.09972920e+00    3.26949247e-03    7.17870232e+00    3.20675522e-03
   1.70000000e+00    0.00000000e+00    2.70004735e+00    1.53664659e-04    1.30455540e+02    1.93978646e-02    3.05755630e+00    2.61549445e-03    3.05755630e+00    2.61549445e-03    7.10661478e+00    2.73747073e-03
   1.70000000e+00    0.00000000e+00    2.68013460e+00    3.71161434e-04    1.30130427e+02    2.53960227e-02    3.01937555e+00    3.35922709e-03    3.01937555e+00    3.35922709e-03    7.03857238e+00    3.18382377e-03
   1.70000000e+00    0.00000000e+00    2.65994930e+00    3.52567128e-04    1.29784785e+02    1.11055763e-02    2.97871580e+00    1.61899357e-03    2.97871580e+00    1.61899357e-03    6.96764232e+00    2.07578471e-03
   1.70000000e+00    0.00000000e+00    2.64016910e+00    1.77820907e-04    1.29416115e+02    1.82481020e-02    2.93480460e+00    2.46051167e-03    2.93480460e+00    2.46051167e-03    6.89406815e+00    2.72205938e-03
   1.70000000e+00    0.00000000e+00    2.61981580e+00    1.40514608e-04    1.29066410e+02    1.76433656e-02    2.89354782e+00    2.24378162e-03    2.89354782e+00    2.24378162e-03    6.82228908e+00    2.33779661e-03
   1.70000000e+00    0.00000000e+00    2.60031060e+00    2.28351845e-04    1.28728040e+02    1.43983905e-02    2.85346790e+00    1.72901958e-03    2.85346790e+00    1.72901958e-03    6.75295868e+00    2.00797078e-03
   1.70000000e+00    0.00000000e+00    2.57975947e+00    9.86365646e-05    1.28370128e+02    1.64391094e-02    2.81158938e+00    2.10538061e-03    2.81158938e+00    2.10538061e-03    6.68026118e+00    2.23975922e-03
   1.70000000e+00    0.00000000e+00    2.56000795e+00    3.14164069e-04    1.27962405e+02    2.97993695e-02    2.76213805e+00    3.99880992e-03    2.76213805e+00    3.99880992e-03    6.60118995e+00    3.79953875e-03
   1.70000000e+00    0.00000000e+00    2.53966982e+00    3.55472301e-04    1.27648465e+02    1.55998550e-02    2.72574373e+00    1.95709257e-03    2.72574373e+00    1.95709257e-03    6.53429602e+00    2.36353766e-03
   1.70000000e+00    0.00000000e+00    2.52006500e+00    1.59726548e-04    1.27267995e+02    1.84445121e-02    2.68046560e+00    2.41582202e-03    2.68046560e+00    2.41582202e-03    6.45961807e+00    2.25674556e-03
   1.70000000e+00    0.00000000e+00    2.50021892e+00    1.12142128e-04    1.26906923e+02    4.81774000e-03    2.63767658e+00    5.86109688e-04    2.63767658e+00    5.86109688e-04    6.38706735e+00    7.33246802e-04
   1.70000000e+00    0.00000000e+00    2.47990510e+00    3.23431067e-04    1.26540757e+02    3.56725114e-02    2.59426812e+00    4.74689217e-03    2.59426812e+00    4.74689217e-03    6.31319585e+00    4.32309089e-03
   1.70000000e+00    0.00000000e+00    2.46019777e+00    2.45015146e-04    1.26178952e+02    2.86411745e-03    2.55131168e+00    5.25683956e-04    2.55131168e+00    5.25683956e-04    6.24068572e+00    4.77442763e-04
   1.70000000e+00    0.00000000e+00    2.44011570e+00    1.84068411e-04    1.25823780e+02    1.74311747e-02    2.50933312e+00    2.12449646e-03    2.50933312e+00    2.12449646e-03    6.16859162e+00    1.86640750e-03
   1.70000000e+00    0.00000000e+00    2.42004373e+00    1.32218482e-04    1.25442395e+02    2.65636787e-02    2.46388450e+00    3.57304570e-03    2.46388450e+00    3.57304570e-03    6.09304253e+00    3.69811900e-03
   1.70000000e+00    0.00000000e+00    2.39970292e+00    1.10878230e-04    1.25094565e+02    5.43100417e-02    2.42287140e+00    6.98381700e-03    2.42287140e+00    6.98381700e-03    6.02152590e+00    7.10230129e-03
   1.70000000e+00    0.00000000e+00    2.38016723e+00    2.65620598e-04    1.24718182e+02    5.01940168e-02    2.37784115e+00    6.32223107e-03    2.37784115e+00    6.32223107e-03    5.94719938e+00    6.24607298e-03
   1.70000000e+00    0.00000000e+00    2.35980008e+00    2.03100608e-04    1.24339280e+02    2.62349147e-02    2.33325380e+00    3.45404094e-03    2.33325380e+00    3.45404094e-03    5.87206900e+00    3.41064995e-03
   1.70000000e+00    0.00000000e+00    2.33996903e+00    2.81257305e-04    1.24026103e+02    1.97466711e-02    2.29650085e+00    2.56395799e-03    2.29650085e+00    2.56395799e-03    5.80557687e+00    2.59642883e-03
   1.70000000e+00    0.00000000e+00    2.31991250e+00    2.63839468e-04    1.23628063e+02    4.62414708e-02    2.24858743e+00    6.21474751e-03    2.24858743e+00    6.21474751e-03    5.72758620e+00    6.59667724e-03
   1.70000000e+00    0.00000000e+00    2.30004385e+00    6.72089466e-05    1.23080523e+02    2.79332255e-01    2.18181820e+00    3.61522615e-02    2.18181820e+00    3.61522615e-02    5.63102143e+00    3.61402757e-02
   1.70000000e+00    0.00000000e+00    2.27997963e+00    1.25130280e-04    1.22782048e+02    8.50462181e-02    2.14747525e+00    1.12546239e-02    2.14747525e+00    1.12546239e-02    5.56658973e+00    1.14161566e-02
   1.70000000e+00    0.00000000e+00    2.26020357e+00    2.03480753e-04    1.22453895e+02    6.97390767e-02    2.10887533e+00    8.44428578e-03    2.10887533e+00    8.44428578e-03    5.49833315e+00    8.56480950e-03
