   1.68750000e-01    5.44862368e-03    1.38594030e+00    2.58251453e-03    2.00000000e+00
   1.62500000e-01    4.33012702e-03    1.38834042e+00    3.36842070e-03    2.00000000e+00
   1.68750000e-01    4.14578099e-03    1.39282070e+00    1.84814401e-03    2.00000000e+00
   1.77500000e-01    1.34629120e-02    1.39381398e+00    2.21513558e-03    2.00000000e+00
   1.82500000e-01    1.08972474e-02    1.40000200e+00    3.97955290e-03    2.00000000e+00
   1.92500000e-01    9.01387819e-03    1.40235942e+00    4.28148828e-03    2.00000000e+00
   1.90000000e-01    7.07106781e-03    1.40772060e+00    1.82811373e-03    2.00000000e+00
   1.97500000e-01    7.50000000e-03    1.41217828e+00    4.65600834e-04    2.00000000e+00
   2.03750000e-01    1.34047566e-02    1.41871448e+00    2.67283294e-03    2.00000000e+00
   2.00000000e-01    9.35414347e-03    1.42157680e+00    4.26797708e-03    2.00000000e+00
   2.15000000e-01    3.53553391e-03    1.43013462e+00    3.53156618e-03    2.00000000e+00
   2.20000000e-01    3.53553391e-03    1.43183478e+00    1.97505679e-03    2.00000000e+00
   2.20000000e-01    1.69558250e-02    1.43252343e+00    4.41599290e-03    2.00000000e+00
   2.17500000e-01    1.08972474e-02    1.44312900e+00    2.91563788e-03    2.00000000e+00
   2.30000000e-01    1.22474487e-02    1.44034820e+00    2.52114732e-03    2.00000000e+00
   2.43750000e-01    1.08253175e-02    1.44636140e+00    3.00940443e-03    2.00000000e+00
   2.43750000e-01    1.51554446e-02    1.45160607e+00    4.47399116e-03    2.00000000e+00
   2.52500000e-01    1.25000000e-02    1.44873743e+00    3.64677335e-03    2.00000000e+00
   2.28750000e-01    1.13880420e-02    1.45376877e+00    3.13229961e-03    2.00000000e+00
   2.42500000e-01    1.14564392e-02    1.45549350e+00    1.31333449e-03    2.00000000e+00
   2.46250000e-01    1.13880420e-02    1.45931150e+00    1.37122041e-03    2.00000000e+00
   2.73750000e-01    1.78097586e-02    1.46515993e+00    1.93900433e-03    2.00000000e+00
   2.72500000e-01    1.34629120e-02    1.46735770e+00    3.39750064e-03    2.00000000e+00
   2.68750000e-01    1.63458710e-02    1.47049838e+00    2.60922653e-03    2.00000000e+00
   2.93750000e-01    1.74553001e-02    1.47511017e+00    2.59399026e-03    2.00000000e+00
   2.72500000e-01    1.34629120e-02    1.48152872e+00    3.92382676e-03    2.00000000e+00
   2.93750000e-01    5.44862368e-03    1.48628413e+00    3.73103015e-03    2.00000000e+00
   2.90000000e-01    1.36930639e-02    1.48469900e+00    4.27351698e-03    2.00000000e+00
   3.11250000e-01    2.40767004e-02    1.49061418e+00    4.41919898e-03    2.00000000e+00
   3.07500000e-01    1.34629120e-02    1.49557358e+00    2.34638067e-03    2.00000000e+00
   3.16250000e-01    1.94855716e-02    1.50322937e+00    7.59678033e-03    2.00000000e+00
   3.27500000e-01    5.59016994e-03    1.50911687e+00    3.42127790e-03    2.00000000e+00
   3.45000000e-01    2.71569512e-02    1.51649217e+00    3.02329327e-03    2.00000000e+00
   3.30000000e-01    9.35414347e-03    1.52005580e+00    4.22450144e-03    2.00000000e+00
   3.67500000e-01    2.79508497e-02    1.52746343e+00    4.15742732e-03    2.00000000e+00
   3.82500000e-01    3.11247490e-02    1.52960875e+00    3.10970978e-03    2.00000000e+00
   3.66250000e-01    2.48432586e-02    1.53768887e+00    5.27197133e-03    2.00000000e+00
   4.06250000e-01    5.44862368e-03    1.54601925e+00    4.59276273e-03    2.00000000e+00
   3.88750000e-01    7.39509973e-03    1.55359603e+00    4.06736853e-03    2.00000000e+00
   3.93750000e-01    2.07289049e-02    1.55862442e+00    3.92991357e-03    2.00000000e+00
   4.11250000e-01    3.54215683e-02    1.56447212e+00    3.17102704e-03    2.00000000e+00
   4.58750000e-01    1.94855716e-02    1.57897810e+00    4.76884884e-03    2.00000000e+00
   4.38750000e-01    2.60708170e-02    1.58888748e+00    7.87088092e-03    2.00000000e+00
   4.76250000e-01    3.54215683e-02    1.59659752e+00    6.21730837e-03    2.00000000e+00
   5.22500000e-01    2.13600094e-02    1.60911535e+00    8.07212554e-03    2.00000000e+00
   5.21250000e-01    3.36108241e-02    1.61234245e+00    4.34725614e-03    2.00000000e+00
   5.36250000e-01    2.98695079e-02    1.61594625e+00    1.16815302e-02    2.00000000e+00
   5.43750000e-01    2.55868619e-02    1.62345268e+00    5.76982239e-03    2.00000000e+00
   5.66250000e-01    2.40767004e-02    1.63268795e+00    1.94111412e-03    2.00000000e+00
   5.73750000e-01    1.55623745e-02    1.63206287e+00    7.10616645e-03    2.00000000e+00
   6.61250000e-01    1.74553001e-02    1.64317937e+00    6.70096607e-03    2.00000000e+00
   6.38750000e-01    5.31948071e-02    1.65115648e+00    3.72996514e-03    2.00000000e+00
   6.66250000e-01    8.15762680e-02    1.64941105e+00    1.13504112e-02    2.00000000e+00
   6.60000000e-01    4.63680925e-02    1.65038975e+00    7.22615899e-03    2.00000000e+00
   6.41250000e-01    4.47737367e-02    1.65290962e+00    8.95961769e-03    2.00000000e+00
   6.35000000e-01    4.63680925e-02    1.65394290e+00    1.03261360e-02    2.00000000e+00
   6.60000000e-01    1.83711731e-02    1.66064565e+00    5.15299831e-03    2.00000000e+00
   6.35000000e-01    3.69120577e-02    1.65534110e+00    4.78056673e-03    2.00000000e+00
   6.27500000e-01    3.25000000e-02    1.65601055e+00    8.58802855e-03    2.00000000e+00
   6.58750000e-01    4.09839908e-02    1.66060365e+00    1.86094925e-03    2.00000000e+00
   6.90000000e-01    4.10791918e-02    1.66551585e+00    3.05317782e-03    2.00000000e+00
   6.81250000e-01    4.24816137e-02    1.66271748e+00    6.94671870e-03    2.00000000e+00
   6.83750000e-01    1.94855716e-02    1.67169830e+00    3.20440306e-03    2.00000000e+00
   6.63750000e-01    3.62930779e-02    1.66618088e+00    4.72917929e-03    2.00000000e+00
   6.77500000e-01    2.51246891e-02    1.66827237e+00    3.92222373e-03    2.00000000e+00
   7.27500000e-01    4.14578099e-02    1.67303195e+00    4.29595667e-03    2.00000000e+00
   6.68750000e-01    2.45903945e-02    1.67491665e+00    8.45900931e-03    2.00000000e+00
   6.93750000e-01    1.24373430e-02    1.68381153e+00    7.69242321e-03    2.00000000e+00
   7.33750000e-01    2.53414187e-02    1.69480495e+00    5.70562018e-03    2.00000000e+00
   7.26250000e-01    1.51554446e-02    1.69743813e+00    6.44362059e-03    2.00000000e+00
   8.20000000e-01    2.37170825e-02    1.70948880e+00    5.26969743e-03    2.00000000e+00
   8.56250000e-01    4.72195669e-02    1.72790390e+00    8.06950478e-03    2.00000000e+00
   8.90000000e-01    5.19615242e-02    1.73270910e+00    3.18585477e-03    2.00000000e+00
   9.41250000e-01    6.21867148e-02    1.74477307e+00    4.10178833e-03    2.00000000e+00
   1.01625000e+00    3.12999601e-02    1.76099143e+00    1.08371603e-02    2.00000000e+00
   1.02875000e+00    4.14389611e-02    1.75687150e+00    8.56197759e-03    2.00000000e+00
   1.12125000e+00    1.02918354e-01    1.77013975e+00    1.34314060e-02    2.00000000e+00
   1.06000000e+00    3.24037035e-02    1.77193300e+00    1.50383333e-02    2.00000000e+00
   1.10125000e+00    1.16370905e-01    1.78656507e+00    4.28380191e-03    2.00000000e+00
   1.22000000e+00    9.91841721e-02    1.81961858e+00    9.64113581e-03    2.00000000e+00
   1.28500000e+00    8.19298480e-02    1.80752382e+00    1.55173153e-02    2.00000000e+00
   1.37750000e+00    1.42894192e-01    1.84809385e+00    7.91457692e-03    2.00000000e+00
   1.63500000e+00    8.38898087e-02    1.86260470e+00    8.27034750e-03    2.00000000e+00
   1.61625000e+00    1.62148659e-01    1.89642600e+00    9.21605682e-03    2.00000000e+00
   1.76000000e+00    1.13633182e-01    1.89910217e+00    1.42207589e-02    2.00000000e+00
   2.12500000e+00    8.07774721e-02    1.94702860e+00    1.09995459e-02    2.00000000e+00
   2.14125000e+00    1.65052075e-01    1.96955812e+00    2.08116592e-02    2.00000000e+00
   2.49500000e+00    2.93065692e-01    1.98867633e+00    9.12627589e-03    2.00000000e+00
   2.63000000e+00    5.91607978e-02    2.03178040e+00    4.94533573e-03    1.00000000e+00
   3.23000000e+00    1.50665192e-01    2.07588520e+00    4.49111172e-03    1.00000000e+00
   3.76000000e+00    9.79795897e-02    2.12604000e+00    2.02149455e-02    1.00000000e+00
   4.10000000e+00    1.90787840e-01    2.19249113e+00    2.15932344e-02    1.00000000e+00
   4.72000000e+00    6.30555311e-01    2.21699412e+00    3.83775288e-02    1.00000000e+00
   6.04000000e+00    6.67532771e-01    2.26439267e+00    3.66115475e-02    1.00000000e+00
   6.21000000e+00    5.22589705e-01    2.28992128e+00    1.78510945e-02    1.00000000e+00
   6.86000000e+00    6.79705819e-01    2.32511623e+00    5.12143655e-02    1.00000000e+00
   8.00000000e+00    0.00000000e+00    2.35448780e+00    6.45335789e-03    0.00000000e+00
   8.87000000e+00    7.77367352e-01    2.43656607e+00    5.08593244e-02    1.00000000e+00
   1.20000000e+01    0.00000000e+00    2.44954597e+00    1.42858936e-02    0.00000000e+00
   1.30000000e+01    1.73205081e+00    2.51420293e+00    1.70129332e-02    0.00000000e+00
   1.60000000e+01    0.00000000e+00    2.57449188e+00    1.46615237e-02    0.00000000e+00
   1.80000000e+01    2.00000000e+00    2.62815463e+00    1.48116886e-02    0.00000000e+00
   2.20000000e+01    2.00000000e+00    2.71268632e+00    1.03229241e-02    0.00000000e+00
   2.86000000e+01    5.86174036e+00    2.85946838e+00    1.10658319e-01    1.00000000e+00
   4.21000000e+01    4.75289386e+00    2.97179565e+00    1.28636503e-01    1.00000000e+00
   4.99000000e+01    7.78395786e+00    3.07640128e+00    1.00052199e-01    1.00000000e+00
   5.73000000e+01    1.10756490e+01    3.08401160e+00    1.42099753e-01    1.00000000e+00
   8.00000000e+01    0.00000000e+00    3.15405698e+00    1.61431890e-02    0.00000000e+00
   1.20000000e+02    0.00000000e+00    3.25140327e+00    4.18323152e-02    0.00000000e+00
   1.80000000e+02    2.00000000e+01    3.35726027e+00    2.43357711e-02    0.00000000e+00
   2.70000000e+02    1.73205081e+01    3.53979143e+00    4.76212935e-02    0.00000000e+00
   4.30000000e+02    5.91607978e+01    3.60959700e+00    5.91410058e-02    0.00000000e+00
   6.20000000e+02    1.03923048e+02    3.72255380e+00    1.37565618e-01    0.00000000e+00
