   2.00924304e-01    8.65658774e-04    2.00000000e-01    0.00000000e+00
   2.07963547e-01    4.05476138e-04    2.00000000e-01    0.00000000e+00
   2.16048526e-01    1.12889926e-03    2.00000000e-01    0.00000000e+00
   2.24312774e-01    3.89509657e-04    2.00000000e-01    0.00000000e+00
   2.33155130e-01    1.03072025e-03    2.00000000e-01    0.00000000e+00
   2.43179664e-01    6.60888308e-04    2.00000000e-01    0.00000000e+00
   2.54727909e-01    7.83529558e-04    2.00000000e-01    0.00000000e+00
   2.66599230e-01    7.31467894e-04    2.00000000e-01    0.00000000e+00
   2.78036332e-01    1.18424530e-03    2.00000000e-01    0.00000000e+00
   2.92311768e-01    1.11298715e-03    2.00000000e-01    0.00000000e+00
   3.08635812e-01    1.21948760e-03    2.00000000e-01    0.00000000e+00
   3.15856319e-01    8.97027501e-04    2.00000000e-01    0.00000000e+00
   3.24768926e-01    1.42748836e-03    2.00000000e-01    0.00000000e+00
   3.39271904e-01    1.53522051e-03    2.00000000e-01    0.00000000e+00
   3.48581250e-01    1.29442797e-03    2.00000000e-01    0.00000000e+00
   3.55874356e-01    8.02287886e-04    2.00000000e-01    0.00000000e+00
   3.67868710e-01    9.13449867e-04    2.00000000e-01    0.00000000e+00
   3.74502871e-01    2.72467131e-03    2.00000000e-01    0.00000000e+00
   3.85042117e-01    5.63613265e-04    2.00000000e-01    0.00000000e+00
   3.96089761e-01    9.76770816e-04    2.00000000e-01    0.00000000e+00
   4.09670133e-01    2.48538768e-03    2.00000000e-01    0.00000000e+00
   4.20442737e-01    3.06155398e-03    2.00000000e-01    0.00000000e+00
   4.34725535e-01    2.69934693e-03    2.00000000e-01    0.00000000e+00
   4.49685761e-01    4.04615130e-03    2.00000000e-01    0.00000000e+00
   4.61774090e-01    2.39801159e-03    2.00000000e-01    0.00000000e+00
   4.76988179e-01    4.85372420e-03    2.00000000e-01    0.00000000e+00
   4.98470566e-01    1.03503835e-03    2.00000000e-01    0.00000000e+00
   5.12472655e-01    6.66019020e-03    2.00000000e-01    0.00000000e+00
   5.33025019e-01    1.72702422e-03    2.00000000e-01    0.00000000e+00
   5.56872228e-01    2.22221411e-03    2.00000000e-01    0.00000000e+00
   5.83404811e-01    5.60165611e-03    2.00000000e-01    0.00000000e+00
   6.05766682e-01    2.10016844e-03    2.00000000e-01    0.00000000e+00
   6.27145874e-01    4.34553864e-03    2.00000000e-01    0.00000000e+00
   6.62152485e-01    4.04558919e-03    2.00000000e-01    0.00000000e+00
   6.94565492e-01    2.43529798e-03    2.00000000e-01    0.00000000e+00
   7.31163158e-01    1.39428448e-03    2.00000000e-01    0.00000000e+00
   7.70572834e-01    6.39189315e-03    2.00000000e-01    0.00000000e+00
   8.15906103e-01    5.09035944e-03    2.00000000e-01    0.00000000e+00
   8.62549175e-01    2.71770389e-03    2.00000000e-01    0.00000000e+00
   9.10554483e-01    1.01015201e-02    2.00000000e-01    0.00000000e+00
   9.73113828e-01    1.35770557e-02    2.00000000e-01    0.00000000e+00
   1.03781037e+00    7.30132955e-03    2.00000000e-01    0.00000000e+00
   1.11694607e+00    2.26124520e-03    2.00000000e-01    0.00000000e+00
   1.20712453e+00    1.07046359e-02    2.00000000e-01    0.00000000e+00
   1.30022346e+00    3.48757501e-03    2.00000000e-01    0.00000000e+00
   1.35796379e+00    1.01522208e-02    2.00000000e-01    0.00000000e+00
   1.42197001e+00    3.83547647e-03    2.00000000e-01    0.00000000e+00
   1.48623393e+00    1.21010895e-02    2.00000000e-01    0.00000000e+00
   1.55454195e+00    6.92708382e-03    2.00000000e-01    0.00000000e+00
   1.63941542e+00    6.16603058e-03    2.00000000e-01    0.00000000e+00
   1.71334629e+00    5.11582211e-03    2.00000000e-01    0.00000000e+00
   1.80293004e+00    9.31132795e-03    2.00000000e-01    0.00000000e+00
   1.77379392e+00    4.53565407e-02    2.00000000e-01    0.00000000e+00
   1.84795858e+00    4.06549724e-02    2.00000000e-01    0.00000000e+00
   1.84413734e+00    3.59186599e-02    2.00000000e-01    0.00000000e+00
   1.90369156e+00    3.24652167e-02    2.00000000e-01    0.00000000e+00
   1.90652969e+00    1.25507661e-02    2.00000000e-01    0.00000000e+00
   1.85407954e+00    2.65953430e-02    2.00000000e-01    0.00000000e+00
   1.94749401e+00    4.42062743e-02    2.00000000e-01    0.00000000e+00
   2.01266483e+00    3.61322712e-02    2.00000000e-01    0.00000000e+00
   1.96462756e+00    4.03824962e-02    2.00000000e-01    0.00000000e+00
   2.00707773e+00    3.87196971e-03    2.00000000e-01    0.00000000e+00
   2.01711733e+00    1.02327386e-02    2.00000000e-01    0.00000000e+00
   2.04509876e+00    2.64583858e-02    2.00000000e-01    0.00000000e+00
   2.11264075e+00    5.37731059e-02    2.00000000e-01    0.00000000e+00
   2.14353142e+00    7.06694234e-02    2.00000000e-01    0.00000000e+00
   2.14056344e+00    1.65075291e-02    2.00000000e-01    0.00000000e+00
   2.26499832e+00    1.61710868e-02    2.00000000e-01    0.00000000e+00
   2.40896534e+00    3.99616942e-02    2.00000000e-01    0.00000000e+00
   2.58416738e+00    1.38182835e-02    2.00000000e-01    0.00000000e+00
   2.76999300e+00    2.31731148e-02    2.00000000e-01    0.00000000e+00
   2.96520296e+00    3.76194780e-02    2.00000000e-01    0.00000000e+00
   3.21644340e+00    4.70579977e-02    2.00000000e-01    0.00000000e+00
   3.43992070e+00    3.41820333e-02    2.00000000e-01    0.00000000e+00
   3.74202578e+00    5.35660227e-02    2.00000000e-01    0.00000000e+00
   3.93172763e+00    5.71657566e-02    2.00000000e-01    0.00000000e+00
   4.10189580e+00    2.70044155e-02    2.00000000e-01    0.00000000e+00
   4.29745855e+00    2.11389266e-02    2.00000000e-01    0.00000000e+00
   4.48824124e+00    3.73998978e-02    2.00000000e-01    0.00000000e+00
   4.97282092e+00    3.52148175e-02    2.00000000e-01    0.00000000e+00
   5.53914095e+00    3.13087235e-02    2.00000000e-01    0.00000000e+00
   6.17204596e+00    1.85044405e-02    2.00000000e-01    0.00000000e+00
   6.93898207e+00    7.10308276e-02    2.00000000e-01    0.00000000e+00
   7.86600279e+00    3.70951248e-02    2.00000000e-01    0.00000000e+00
   9.11465632e+00    6.82194743e-02    2.00000000e-01    0.00000000e+00
   1.05231593e+01    1.33192036e-01    2.00000000e-01    0.00000000e+00
   1.25212479e+01    3.78942692e-02    2.00000000e-01    0.00000000e+00
   1.50309590e+01    3.95456086e-01    2.00000000e-01    0.00000000e+00
   1.82335350e+01    5.39611267e-01    2.00000000e-01    0.00000000e+00
   2.27077407e+01    4.44509647e-01    2.00000000e-01    0.00000000e+00
   2.92732446e+01    6.57703029e-01    2.00000000e-01    0.00000000e+00
   3.71263333e+01    2.45328151e+00    2.00000000e-01    0.00000000e+00
   4.16715027e+01    5.08390292e-01    2.00000000e-01    0.00000000e+00
   4.88815174e+01    4.26746055e-01    2.00000000e-01    0.00000000e+00
   5.68522092e+01    1.46746612e+00    2.00000000e-01    0.00000000e+00
   6.86084431e+01    1.06225234e+00    2.00000000e-01    0.00000000e+00
   8.12336486e+01    3.01382917e+00    2.00000000e-01    0.00000000e+00
   9.99594736e+01    1.12734173e+00    2.00000000e-01    0.00000000e+00
   1.26571868e+02    2.66344376e+00    2.00000000e-01    0.00000000e+00
   1.56237479e+02    4.34610269e+00    2.00000000e-01    0.00000000e+00
   2.01106425e+02    7.50720246e+00    2.00000000e-01    0.00000000e+00
   2.51090169e+02    1.10387955e+01    2.00000000e-01    0.00000000e+00
   3.46660576e+02    5.73945859e+00    2.00000000e-01    0.00000000e+00
   4.93070403e+02    1.54719856e+02    2.00000000e-01    0.00000000e+00
   6.67304247e+02    3.10854475e+01    2.00000000e-01    0.00000000e+00
   9.38425748e+02    2.65810978e+01    2.00000000e-01    0.00000000e+00
   1.41247419e+03    3.21469658e+01    2.00000000e-01    0.00000000e+00
   2.09532503e+03    1.37949381e+02    2.00000000e-01    0.00000000e+00
   3.21620239e+03    3.62622662e+02    2.00000000e-01    0.00000000e+00
   4.99725998e+03    4.77208592e+02    2.00000000e-01    0.00000000e+00
   8.04912650e+03    9.93894506e+02    2.00000000e-01    0.00000000e+00
   1.41044089e+04    4.94471880e+02    2.00000000e-01    0.00000000e+00
   2.16438456e+04    4.49090481e+03    2.00000000e-01    0.00000000e+00
