   1.90000000e+00    0.00000000e+00    1.99975505e+01    5.76793631e-03    4.87461465e+02    6.45301482e-02    3.77524738e+01    7.62393335e-03    3.77524738e+01    7.62393335e-03    6.77413007e+01    1.30323828e-02
   1.90000000e+00    0.00000000e+00    1.95028987e+01    4.68593125e-03    4.81663898e+02    6.91011315e-02    3.71575075e+01    7.57338103e-03    3.71575075e+01    7.57338103e-03    6.64045420e+01    1.38570789e-02
   1.90000000e+00    0.00000000e+00    1.90025487e+01    3.41540381e-03    4.75868517e+02    7.62634373e-03    3.65643870e+01    6.03826548e-04    3.65643870e+01    6.03826548e-04    6.50610840e+01    4.98425446e-03
   1.90000000e+00    0.00000000e+00    1.85010247e+01    3.49422362e-03    4.69953222e+02    3.89683156e-02    3.59569738e+01    4.12411290e-03    3.59569738e+01    4.12411290e-03    6.37015735e+01    8.98811500e-03
   1.90000000e+00    0.00000000e+00    1.80014200e+01    5.61314872e-03    4.63930275e+02    7.22729218e-02    3.53363997e+01    7.77757113e-03    3.53363997e+01    7.77757113e-03    6.23317793e+01    1.53145201e-02
   1.90000000e+00    0.00000000e+00    1.75005040e+01    6.10549462e-03    4.57890302e+02    3.41350680e-02    3.47141823e+01    3.33952095e-03    3.47141823e+01    3.33952095e-03    6.09583755e+01    1.10991008e-02
   1.90000000e+00    0.00000000e+00    1.70003945e+01    4.99629906e-03    4.51880600e+02    9.79757960e-02    3.40959802e+01    1.08110994e-02    3.40959802e+01    1.08110994e-02    5.95901968e+01    1.82124738e-02
   1.90000000e+00    0.00000000e+00    1.65015270e+01    3.58394845e-03    4.45748705e+02    6.68602761e-02    3.34624230e+01    7.24239446e-03    3.34624230e+01    7.24239446e-03    5.82085252e+01    1.25478818e-02
   1.90000000e+00    0.00000000e+00    1.59981260e+01    1.50208272e-03    4.39475133e+02    8.91579042e-03    3.28132203e+01    1.31423103e-03    3.28132203e+01    1.31423103e-03    5.68044095e+01    1.78607454e-03
   1.90000000e+00    0.00000000e+00    1.54984895e+01    3.16136683e-03    4.33178222e+02    4.85847282e-02    3.21604130e+01    5.49531651e-03    3.21604130e+01    5.49531651e-03    5.54023357e+01    9.80789354e-03
   1.90000000e+00    0.00000000e+00    1.49998320e+01    4.79673582e-03    4.26813897e+02    6.50547786e-02    3.14996920e+01    6.93717569e-03    3.14996920e+01    6.93717569e-03    5.39938152e+01    1.38099734e-02
   1.90000000e+00    0.00000000e+00    1.48006903e+01    2.80022279e-03    4.24316667e+02    5.40468900e-02    3.12412135e+01    5.93025432e-03    3.12412135e+01    5.93025432e-03    5.34366990e+01    9.88373267e-03
   1.90000000e+00    0.00000000e+00    1.46016347e+01    3.23353880e-03    4.21738235e+02    8.80598766e-02    3.09728953e+01    1.00023494e-02    3.09728953e+01    1.00023494e-02    5.28698715e+01    1.45669539e-02
   1.90000000e+00    0.00000000e+00    1.42010570e+01    2.37128520e-03    4.16537230e+02    5.86407132e-02    3.04315728e+01    7.01347401e-03    3.04315728e+01    7.01347401e-03    5.17278330e+01    9.03368148e-03
   1.90000000e+00    0.00000000e+00    1.39992145e+01    2.97208147e-03    4.13882520e+02    1.67225192e-02    3.01551100e+01    1.57742163e-03    3.01551100e+01    1.57742163e-03    5.11486823e+01    5.35973826e-03
   1.90000000e+00    0.00000000e+00    1.37988163e+01    3.61459841e-03    4.11266287e+02    4.65339819e-02    2.98826007e+01    4.93525027e-03    2.98826007e+01    4.93525027e-03    5.05756508e+01    9.74041265e-03
   1.90000000e+00    0.00000000e+00    1.36007923e+01    2.00378347e-03    4.08653768e+02    2.79808974e-02    2.96102277e+01    3.33671413e-03    2.96102277e+01    3.33671413e-03    5.00063155e+01    4.45393806e-03
   1.90000000e+00    0.00000000e+00    1.33986067e+01    4.17706544e-03    4.05976190e+02    6.81891256e-02    2.93309520e+01    7.71950267e-03    2.93309520e+01    7.71950267e-03    4.94238372e+01    1.25236418e-02
   1.90000000e+00    0.00000000e+00    1.32007320e+01    2.45772669e-03    4.03313832e+02    5.13215288e-02    2.90525870e+01    6.02532319e-03    2.90525870e+01    6.02532319e-03    4.88487347e+01    8.08144354e-03
   1.90000000e+00    0.00000000e+00    1.30000478e+01    6.73446499e-04    4.00603997e+02    1.32849057e-02    2.87691880e+01    1.76496331e-03    2.87691880e+01    1.76496331e-03    4.82643845e+01    2.26612593e-03
   1.90000000e+00    0.00000000e+00    1.28002795e+01    3.63627265e-03    3.97913648e+02    2.10868660e-02    2.84882215e+01    2.13545247e-03    2.84882215e+01    2.13545247e-03    4.76838408e+01    6.15880315e-03
   1.90000000e+00    0.00000000e+00    1.25996660e+01    3.40790053e-03    3.95245272e+02    4.88112458e-02    2.82096935e+01    5.12617823e-03    2.82096935e+01    5.12617823e-03    4.71044680e+01    1.02084197e-02
   1.90000000e+00    0.00000000e+00    1.23997647e+01    1.45429852e-03    3.92484530e+02    4.65453848e-02    2.79201147e+01    5.46699682e-03    2.79201147e+01    5.46699682e-03    4.65151120e+01    6.99835877e-03
   1.90000000e+00    0.00000000e+00    1.22030252e+01    2.21485004e-03    3.89791493e+02    5.98874408e-02    2.76379755e+01    6.82748118e-03    2.76379755e+01    6.82748118e-03    4.59379370e+01    9.40131977e-03
   1.90000000e+00    0.00000000e+00    1.20009667e+01    3.35725240e-03    3.87004475e+02    4.58088913e-02    2.73459500e+01    4.76816139e-03    2.73459500e+01    4.76816139e-03    4.53429000e+01    9.14575095e-03
   1.90000000e+00    0.00000000e+00    1.17984407e+01    1.32880292e-03    3.84178485e+02    5.06323955e-02    2.70491200e+01    6.08247750e-03    2.70491200e+01    6.08247750e-03    4.47423565e+01    7.64631485e-03
   1.90000000e+00    0.00000000e+00    1.16022385e+01    2.64246235e-03    3.81432340e+02    4.97426462e-02    2.67608575e+01    5.58329157e-03    2.67608575e+01    5.58329157e-03    4.41598645e+01    8.68364951e-03
   1.90000000e+00    0.00000000e+00    1.13995055e+01    2.89268470e-03    3.78623140e+02    2.21791760e-02    2.64662830e+01    2.04172758e-03    2.64662830e+01    2.04172758e-03    4.35612663e+01    6.34295386e-03
   1.90000000e+00    0.00000000e+00    1.12017935e+01    1.82880569e-03    3.75792537e+02    3.02775423e-02    2.61681685e+01    3.65609166e-03    2.61681685e+01    3.65609166e-03    4.29666578e+01    4.99404002e-03
   1.90000000e+00    0.00000000e+00    1.09992025e+01    2.05421329e-03    3.72923195e+02    3.17721423e-02    2.58664905e+01    3.52520528e-03    2.58664905e+01    3.52520528e-03    4.23611693e+01    6.36651672e-03
   1.90000000e+00    0.00000000e+00    1.07994458e+01    2.25878257e-03    3.70059325e+02    6.22992273e-02    2.55648610e+01    7.23005418e-03    2.55648610e+01    7.23005418e-03    4.17599795e+01    1.05642771e-02
   1.90000000e+00    0.00000000e+00    1.06012593e+01    1.28074946e-03    3.67227793e+02    6.70685505e-02    2.52668755e+01    7.72856793e-03    2.52668755e+01    7.72856793e-03    4.11647892e+01    9.42528783e-03
   1.90000000e+00    0.00000000e+00    1.04000800e+01    1.20229614e-03    3.64299045e+02    5.56476583e-02    2.49579820e+01    6.85136205e-03    2.49579820e+01    6.85136205e-03    4.05542020e+01    7.41619205e-03
   1.90000000e+00    0.00000000e+00    1.01988170e+01    4.07658840e-03    3.61298033e+02    8.21230456e-02    2.46404765e+01    9.15153467e-03    2.46404765e+01    9.15153467e-03    3.99348775e+01    1.44191075e-02
   1.90000000e+00    0.00000000e+00    1.00021730e+01    1.58583842e-03    3.58418860e+02    3.16449451e-02    2.43364740e+01    3.46531709e-03    2.43364740e+01    3.46531709e-03    3.93359827e+01    5.82017141e-03
   1.90000000e+00    0.00000000e+00    9.79814488e+00    2.23057099e-03    3.55408573e+02    4.75471200e-02    2.40184602e+01    5.42609405e-03    2.40184602e+01    5.42609405e-03    3.87120032e+01    8.48399114e-03
   1.90000000e+00    0.00000000e+00    9.60214602e+00    2.39618082e-03    3.52518445e+02    5.57145432e-02    2.37135165e+01    6.40487176e-03    2.37135165e+01    6.40487176e-03    3.81131345e+01    8.31117977e-03
   1.90000000e+00    0.00000000e+00    9.40054557e+00    2.86995581e-03    3.49486638e+02    1.11353993e-01    2.33923565e+01    1.27448047e-02    2.33923565e+01    1.27448047e-02    3.74896495e+01    1.69949011e-02
   1.90000000e+00    0.00000000e+00    9.20167982e+00    2.17962777e-03    3.46483128e+02    7.76244029e-02    2.30744845e+01    8.96535494e-03    2.30744845e+01    8.96535494e-03    3.68735540e+01    1.20069771e-02
   1.90000000e+00    0.00000000e+00    9.00236058e+00    1.62187645e-03    3.43435497e+02    4.33425007e-02    2.27512545e+01    4.82818752e-03    2.27512545e+01    4.82818752e-03    3.62514192e+01    7.13512934e-03
   1.90000000e+00    0.00000000e+00    8.79995490e+00    2.03669598e-03    3.40282915e+02    5.92252938e-02    2.24163730e+01    6.83599338e-03    2.24163730e+01    6.83599338e-03    3.56130053e+01    9.27705253e-03
   1.90000000e+00    0.00000000e+00    8.60021380e+00    2.62107177e-03    3.37238677e+02    6.55977726e-02    2.20935933e+01    7.16266020e-03    2.20935933e+01    7.16266020e-03    3.49906887e+01    1.09216219e-02
   1.90000000e+00    0.00000000e+00    8.40087367e+00    1.16809966e-03    3.34094085e+02    6.26839559e-02    2.17590083e+01    7.34378306e-03    2.17590083e+01    7.34378306e-03    3.43571683e+01    8.96928981e-03
   1.90000000e+00    0.00000000e+00    8.19990287e+00    1.57099895e-03    3.30979163e+02    3.77428446e-02    2.14283577e+01    4.24642952e-03    2.14283577e+01    4.24642952e-03    3.37251370e+01    6.44713743e-03
   1.90000000e+00    0.00000000e+00    7.99883195e+00    3.35482805e-04    3.27790645e+02    1.09299462e-02    2.10891852e+01    1.28854208e-03    2.10891852e+01    1.28854208e-03    3.30844338e+01    1.40154136e-03
   1.90000000e+00    0.00000000e+00    7.90027125e+00    4.44188803e-04    3.26194578e+02    2.24316444e-02    2.09187822e+01    2.55503379e-03    2.09187822e+01    2.55503379e-03    3.27662265e+01    3.03303301e-03
   1.90000000e+00    0.00000000e+00    7.80013892e+00    3.30639020e-04    3.24605052e+02    1.15387442e-02    2.07496400e+01    1.36513314e-03    2.07496400e+01    1.36513314e-03    3.24469230e+01    1.11849698e-03
   1.90000000e+00    0.00000000e+00    7.70112773e+00    1.02342060e-03    3.22968850e+02    1.95522467e-02    2.05746828e+01    2.41016404e-03    2.05746828e+01    2.41016404e-03    3.21234865e+01    2.60602384e-03
   1.90000000e+00    0.00000000e+00    7.60011500e+00    6.95518443e-04    3.21343882e+02    1.43459530e-02    2.04015468e+01    1.68481370e-03    2.04015468e+01    1.68481370e-03    3.17988695e+01    1.82390865e-03
   1.90000000e+00    0.00000000e+00    7.50011130e+00    7.35248975e-04    3.19749503e+02    1.16767705e-02    2.02318422e+01    1.41710998e-03    2.02318422e+01    1.41710998e-03    3.14791967e+01    1.46133952e-03
   1.90000000e+00    0.00000000e+00    7.40017065e+00    5.42271844e-04    3.18110790e+02    1.14756721e-02    2.00568930e+01    1.54732172e-03    2.00568930e+01    1.54732172e-03    3.11543740e+01    1.00367251e-03
   1.90000000e+00    0.00000000e+00    7.29957285e+00    9.32648510e-04    3.16468353e+02    7.95623458e-03    1.98815945e+01    8.96235879e-04    1.98815945e+01    8.96235879e-04    3.08282163e+01    1.90037370e-03
   1.90000000e+00    0.00000000e+00    7.27989010e+00    1.08837011e-03    3.16151125e+02    1.06914861e-02    1.98479375e+01    1.42744150e-03    1.98479375e+01    1.42744150e-03    3.07650427e+01    1.53510071e-03
   1.90000000e+00    0.00000000e+00    7.25988717e+00    1.28420535e-03    3.15799895e+02    2.29463815e-02    1.98100498e+01    2.63833654e-03    1.98100498e+01    2.63833654e-03    3.06971580e+01    3.92246663e-03
   1.90000000e+00    0.00000000e+00    7.24105140e+00    8.96461497e-04    3.15505915e+02    1.65646710e-02    1.97788430e+01    1.93436747e-03    1.97788430e+01    1.93436747e-03    3.06377048e+01    2.30093626e-03
   1.90000000e+00    0.00000000e+00    7.22010580e+00    1.07338996e-03    3.15173810e+02    2.52826917e-02    1.97434800e+01    3.10869466e-03    1.97434800e+01    3.10869466e-03    3.05709310e+01    3.09845889e-03
   1.90000000e+00    0.00000000e+00    7.19954650e+00    9.64938698e-04    3.14815747e+02    1.39525381e-02    1.97049467e+01    1.89170973e-03    1.97049467e+01    1.89170973e-03    3.05015665e+01    1.13387929e-03
   1.90000000e+00    0.00000000e+00    7.17915720e+00    1.23996743e-03    3.14518820e+02    2.58457076e-02    1.96737592e+01    3.02443626e-03    1.96737592e+01    3.02443626e-03    3.04398030e+01    3.59017541e-03
   1.90000000e+00    0.00000000e+00    7.16054433e+00    4.92573286e-04    3.14170230e+02    3.62810384e-02    1.96360160e+01    4.38138991e-03    1.96360160e+01    4.38138991e-03    3.03741473e+01    4.63201789e-03
   1.90000000e+00    0.00000000e+00    7.14094137e+00    1.66088676e-03    3.13835953e+02    2.91813677e-02    1.96002487e+01    3.58776361e-03    1.96002487e+01    3.58776361e-03    3.03089830e+01    3.59594654e-03
   1.90000000e+00    0.00000000e+00    7.12093825e+00    6.55353410e-04    3.13510000e+02    1.43461615e-02    1.95653830e+01    1.75289746e-03    1.95653830e+01    1.75289746e-03    3.02441197e+01    2.16276055e-03
   1.90000000e+00    0.00000000e+00    7.09843705e+00    4.07681619e-04    3.13175840e+02    1.29898210e-02    1.95301658e+01    1.50207529e-03    1.95301658e+01    1.50207529e-03    3.01751595e+01    1.91606557e-03
   1.90000000e+00    0.00000000e+00    7.07984855e+00    7.14686478e-04    3.12856953e+02    1.74587405e-02    1.94960042e+01    1.98860911e-03    1.94960042e+01    1.98860911e-03    3.01131222e+01    2.38601565e-03
   1.90000000e+00    0.00000000e+00    7.06009760e+00    4.79338164e-04    3.12501480e+02    1.72099564e-02    1.94575725e+01    1.99271831e-03    1.94575725e+01    1.99271831e-03    3.00450715e+01    2.53012663e-03
   1.90000000e+00    0.00000000e+00    7.04006327e+00    9.28452348e-04    3.12179360e+02    2.50844264e-02    1.94234298e+01    3.18690135e-03    1.94234298e+01    3.18690135e-03    2.99808850e+01    2.41182825e-03
   1.90000000e+00    0.00000000e+00    7.02039827e+00    2.01881480e-04    3.11848473e+02    1.46711816e-02    1.93878795e+01    1.88547666e-03    1.93878795e+01    1.88547666e-03    2.99158442e+01    1.65594948e-03
   1.90000000e+00    0.00000000e+00    6.99975625e+00    4.74416149e-04    3.11517720e+02    2.25050228e-02    1.93527218e+01    2.55478271e-03    1.93527218e+01    2.55478271e-03    2.98497313e+01    3.22394862e-03
   1.90000000e+00    0.00000000e+00    6.90069345e+00    8.20377564e-04    3.09850188e+02    1.65685023e-02    1.91741958e+01    1.90168588e-03    1.91741958e+01    1.90168588e-03    2.95226485e+01    2.46033986e-03
   1.90000000e+00    0.00000000e+00    6.79954755e+00    4.41490705e-04    3.08185272e+02    9.86472092e-03    1.89963623e+01    1.15303152e-03    1.89963623e+01    1.15303152e-03    2.91931338e+01    1.32474816e-03
   1.90000000e+00    0.00000000e+00    6.70011560e+00    1.02910012e-03    3.06489585e+02    2.53319734e-02    1.88146812e+01    3.01332477e-03    1.88146812e+01    3.01332477e-03    2.88623422e+01    3.82861851e-03
   1.90000000e+00    0.00000000e+00    6.59980163e+00    7.29321998e-04    3.04777727e+02    1.53285557e-02    1.86310248e+01    1.93583281e-03    1.86310248e+01    1.93583281e-03    2.85282523e+01    1.92791434e-03
   1.90000000e+00    0.00000000e+00    6.50017643e+00    1.04104354e-03    3.03091675e+02    1.57866090e-02    1.84506313e+01    1.79898643e-03    1.84506313e+01    1.79898643e-03    2.81984588e+01    2.89370968e-03
   1.90000000e+00    0.00000000e+00    6.39938885e+00    6.82492786e-04    3.01386460e+02    1.24585653e-02    1.82680730e+01    1.37013175e-03    1.82680730e+01    1.37013175e-03    2.78647565e+01    2.34773385e-03
   1.90000000e+00    0.00000000e+00    6.29933250e+00    7.30336583e-04    2.99675955e+02    1.41481633e-02    1.80847112e+01    1.73821293e-03    1.80847112e+01    1.73821293e-03    2.75313480e+01    2.01618613e-03
   1.90000000e+00    0.00000000e+00    6.19939140e+00    8.19210901e-05    2.97949280e+02    1.43431116e-02    1.78995425e+01    1.70114395e-03    1.78995425e+01    1.70114395e-03    2.71963050e+01    1.73168458e-03
   1.90000000e+00    0.00000000e+00    6.15067197e+00    3.64566341e-04    2.97107647e+02    1.87400632e-02    1.78091548e+01    2.11848736e-03    1.78091548e+01    2.11848736e-03    2.70328563e+01    2.23419889e-03
   1.90000000e+00    0.00000000e+00    6.09931050e+00    4.33497457e-04    2.96217238e+02    2.87021178e-02    1.77137148e+01    3.37742471e-03    1.77137148e+01    3.37742471e-03    2.68603935e+01    4.01531658e-03
   1.90000000e+00    0.00000000e+00    6.04990080e+00    4.92325345e-04    2.95354452e+02    1.73188501e-02    1.76209970e+01    2.09218223e-03    1.76209970e+01    2.09218223e-03    2.66935795e+01    2.11669855e-03
   1.90000000e+00    0.00000000e+00    6.00013043e+00    6.05400253e-04    2.94485508e+02    3.77578120e-02    1.75275977e+01    4.44965636e-03    1.75275977e+01    4.44965636e-03    2.65255433e+01    4.68262161e-03
   1.90000000e+00    0.00000000e+00    5.89998182e+00    3.84978223e-04    2.92709217e+02    4.11812636e-02    1.73365388e+01    4.90782902e-03    1.73365388e+01    4.90782902e-03    2.61842993e+01    5.22056450e-03
   1.90000000e+00    0.00000000e+00    5.79973517e+00    6.34009071e-04    2.90931585e+02    2.80984363e-02    1.71454300e+01    3.22738013e-03    1.71454300e+01    3.22738013e-03    2.58428580e+01    4.13803341e-03
   1.90000000e+00    0.00000000e+00    5.69952058e+00    8.22001598e-04    2.89192047e+02    8.38908927e-03    1.69587440e+01    8.90473750e-04    1.69587440e+01    8.90473750e-04    2.55058870e+01    1.82157995e-03
   1.90000000e+00    0.00000000e+00    5.60015647e+00    6.58470658e-04    2.87426005e+02    2.97667033e-02    1.67688742e+01    3.46403243e-03    1.67688742e+01    3.46403243e-03    2.51670085e+01    4.35953211e-03
   1.90000000e+00    0.00000000e+00    5.50078395e+00    8.55136341e-04    2.85629975e+02    1.42330346e-02    1.65753100e+01    1.50609279e-03    1.65753100e+01    1.50609279e-03    2.48244232e+01    2.72732537e-03
   1.90000000e+00    0.00000000e+00    5.39968297e+00    6.00861525e-04    2.83803683e+02    2.60645289e-02    1.63785370e+01    3.21917792e-03    1.63785370e+01    3.21917792e-03    2.44760365e+01    2.73220172e-03
   1.90000000e+00    0.00000000e+00    5.30000275e+00    5.72810756e-04    2.82012220e+02    7.38888774e-02    1.61857487e+01    8.84023621e-03    1.61857487e+01    8.84023621e-03    2.41337657e+01    9.67417527e-03
   1.90000000e+00    0.00000000e+00    5.20027160e+00    6.91460751e-04    2.80158335e+02    2.07394654e-02    1.59854413e+01    2.38499186e-03    1.59854413e+01    2.38499186e-03    2.37838985e+01    2.76673765e-03
   1.90000000e+00    0.00000000e+00    5.09968285e+00    1.47704917e-04    2.78301817e+02    5.52035956e-02    1.57850402e+01    6.65532679e-03    1.57850402e+01    6.65532679e-03    2.34326517e+01    6.56358219e-03
   1.90000000e+00    0.00000000e+00    4.99988120e+00    5.53570203e-04    2.76486825e+02    8.04116041e-02    1.55894915e+01    9.81489181e-03    1.55894915e+01    9.81489181e-03    2.30874385e+01    9.38419939e-03
   1.90000000e+00    0.00000000e+00    4.89975428e+00    4.36100959e-04    2.74617580e+02    4.52010979e-02    1.53875530e+01    5.22742102e-03    1.53875530e+01    5.22742102e-03    2.27353473e+01    5.84248716e-03
   1.90000000e+00    0.00000000e+00    4.80009735e+00    6.36363239e-04    2.72706495e+02    4.36635761e-02    1.51804308e+01    5.17788115e-03    1.51804308e+01    5.17788115e-03    2.23787765e+01    4.97741462e-03
   1.90000000e+00    0.00000000e+00    4.70031577e+00    4.28919861e-04    2.70898730e+02    1.39875425e-01    1.49859632e+01    1.67457160e-02    1.49859632e+01    1.67457160e-02    2.20346745e+01    1.70252073e-02
   1.90000000e+00    0.00000000e+00    4.64951787e+00    4.10561971e-04    2.70217517e+02    2.57790073e-02    1.49156130e+01    3.03307501e-03    1.49156130e+01    3.03307501e-03    2.18881460e+01    2.88402288e-03
   1.90000000e+00    0.00000000e+00    4.60004622e+00    3.32587052e-04    2.69260652e+02    1.40218265e-02    1.48119268e+01    1.70564026e-03    1.48119268e+01    1.70564026e-03    2.17102713e+01    2.15741319e-03
   1.90000000e+00    0.00000000e+00    4.55016838e+00    5.50350108e-04    2.68332820e+02    4.98997620e-02    1.47116902e+01    6.05774828e-03    1.47116902e+01    6.05774828e-03    2.15352363e+01    5.53375372e-03
   1.90000000e+00    0.00000000e+00    4.50035023e+00    5.01907075e-04    2.67341660e+02    3.69918254e-02    1.46041543e+01    4.38564678e-03    1.46041543e+01    4.38564678e-03    2.13529923e+01    4.66711455e-03
   1.90000000e+00    0.00000000e+00    4.45005822e+00    2.19123885e-04    2.66414845e+02    5.40429563e-02    1.45040670e+01    6.49060140e-03    1.45040670e+01    6.49060140e-03    2.11774858e+01    6.74451100e-03
   1.90000000e+00    0.00000000e+00    4.39986570e+00    1.95510230e-04    2.65418468e+02    1.83193236e-02    1.43958210e+01    2.20564537e-03    1.43958210e+01    2.20564537e-03    2.09939695e+01    2.16993566e-03
   1.90000000e+00    0.00000000e+00    4.35023700e+00    5.27040160e-04    2.64448670e+02    2.56545152e-02    1.42906137e+01    2.96079511e-03    1.42906137e+01    2.96079511e-03    2.08143377e+01    3.57210998e-03
   1.90000000e+00    0.00000000e+00    4.30001690e+00    2.88154230e-04    2.63485097e+02    3.68192120e-02    1.41864957e+01    4.37343591e-03    1.41864957e+01    4.37343591e-03    2.06349085e+01    4.16764067e-03
   1.90000000e+00    0.00000000e+00    4.25024712e+00    2.20901724e-04    2.62495743e+02    4.11161035e-02    1.40787370e+01    5.13506358e-03    1.40787370e+01    5.13506358e-03    2.04525140e+01    4.97902616e-03
   1.90000000e+00    0.00000000e+00    4.19976032e+00    4.47325745e-04    2.61574448e+02    5.74972953e-02    1.39797845e+01    6.99475091e-03    1.39797845e+01    6.99475091e-03    2.02778500e+01    6.62828982e-03
   1.90000000e+00    0.00000000e+00    4.15030075e+00    2.90379670e-04    2.60560690e+02    2.43957404e-02    1.38688050e+01    2.85292455e-03    1.38688050e+01    2.85292455e-03    2.00926998e+01    2.84709759e-03
   1.90000000e+00    0.00000000e+00    4.09939165e+00    8.25350315e-04    2.59557415e+02    5.73690465e-03    1.37601820e+01    7.21088760e-04    1.37601820e+01    7.21088760e-04    1.99077320e+01    1.22938115e-03
   1.90000000e+00    0.00000000e+00    4.05013745e+00    1.14900167e-03    2.58558380e+02    2.82972958e-02    1.36514013e+01    3.28937520e-03    1.36514013e+01    3.28937520e-03    1.97250885e+01    4.43103337e-03
   1.90000000e+00    0.00000000e+00    4.00020515e+00    4.23041124e-04    2.57579758e+02    3.86893890e-02    1.35452775e+01    4.62029634e-03    1.35452775e+01    4.62029634e-03    1.95440850e+01    4.25031687e-03
   1.90000000e+00    0.00000000e+00    3.94973600e+00    3.82478084e-04    2.56561082e+02    6.25261159e-02    1.34342393e+01    7.54037527e-03    1.34342393e+01    7.54037527e-03    1.93573625e+01    6.99197585e-03
   1.90000000e+00    0.00000000e+00    3.90034290e+00    7.78552198e-04    2.55589545e+02    3.99864762e-02    1.33289918e+01    5.07569421e-03    1.33289918e+01    5.07569421e-03    1.91780435e+01    4.23506821e-03
   1.90000000e+00    0.00000000e+00    3.84985692e+00    4.58563258e-04    2.54593333e+02    3.83461650e-02    1.32206888e+01    4.48437829e-03    1.32206888e+01    4.48437829e-03    1.89940305e+01    3.92856014e-03
   1.90000000e+00    0.00000000e+00    3.79987268e+00    2.73869096e-04    2.53504232e+02    9.64768411e-02    1.31014428e+01    1.19638703e-02    1.31014428e+01    1.19638703e-02    1.87998270e+01    1.17213393e-02
   1.90000000e+00    0.00000000e+00    3.75018725e+00    4.54390353e-04    2.52514678e+02    2.10474231e-02    1.29940163e+01    2.36122218e-03    1.29940163e+01    2.36122218e-03    1.86178905e+01    2.93163747e-03
   1.90000000e+00    0.00000000e+00    3.69999923e+00    3.56195434e-04    2.51551032e+02    1.18934132e-01    1.28896395e+01    1.42594208e-02    1.28896395e+01    1.42594208e-02    1.84382508e+01    1.39438226e-02
   1.90000000e+00    0.00000000e+00    3.64973625e+00    3.63568360e-04    2.50460827e+02    1.26069179e-01    1.27702815e+01    1.60609045e-02    1.27702815e+01    1.60609045e-02    1.82435173e+01    1.55162949e-02
