   5.10000000e-01    1.73205081e-02    1.32232890e+00    1.91210661e-03    1.00000000e+00
   5.40000000e-01    2.00000000e-02    1.32457052e+00    2.13160466e-03    1.00000000e+00
   5.50000000e-01    3.31662479e-02    1.32906902e+00    2.44574063e-03    1.00000000e+00
   5.70000000e-01    3.31662479e-02    1.33265095e+00    2.56093071e-03    1.00000000e+00
   6.10000000e-01    4.35889894e-02    1.33791920e+00    2.89670223e-03    1.00000000e+00
   6.30000000e-01    1.73205081e-02    1.34338787e+00    2.38137586e-03    1.00000000e+00
   6.50000000e-01    1.73205081e-02    1.35141827e+00    2.82834883e-03    1.00000000e+00
   7.20000000e-01    2.82842712e-02    1.35739150e+00    1.84655116e-03    1.00000000e+00
   7.50000000e-01    3.31662479e-02    1.36603018e+00    3.43184112e-03    1.00000000e+00
   7.80000000e-01    2.00000000e-02    1.37213008e+00    1.86074033e-03    1.00000000e+00
   8.10000000e-01    1.73205081e-02    1.38100497e+00    1.41070866e-03    1.00000000e+00
   9.10000000e-01    8.18535277e-02    1.38531617e+00    1.28279178e-03    1.00000000e+00
   8.50000000e-01    4.35889894e-02    1.39044735e+00    2.56145945e-03    1.00000000e+00
   9.30000000e-01    3.31662479e-02    1.39408255e+00    1.59135257e-03    1.00000000e+00
   9.50000000e-01    1.73205081e-02    1.40065742e+00    1.44558924e-03    1.00000000e+00
   9.90000000e-01    3.31662479e-02    1.40676607e+00    2.28688939e-03    1.00000000e+00
   1.02000000e+00    2.00000000e-02    1.41589005e+00    9.87668721e-04    1.00000000e+00
   1.11000000e+00    3.31662479e-02    1.42196462e+00    1.89473862e-03    1.00000000e+00
   1.13000000e+00    7.68114575e-02    1.42550385e+00    1.48406695e-03    1.00000000e+00
   1.21000000e+00    5.91607978e-02    1.43389365e+00    1.24157640e-03    1.00000000e+00
   1.32000000e+00    4.00000000e-02    1.44488750e+00    1.87638768e-03    1.00000000e+00
   1.31000000e+00    8.18535277e-02    1.44565315e+00    1.08815283e-03    1.00000000e+00
   1.34000000e+00    7.21110255e-02    1.45262410e+00    3.26516648e-03    1.00000000e+00
   1.35000000e+00    7.14142843e-02    1.45654070e+00    4.43306685e-03    1.00000000e+00
   1.46000000e+00    1.31148770e-01    1.46108512e+00    4.42919931e-03    1.00000000e+00
   1.60000000e+00    0.00000000e+00    1.45805095e+00    3.71062885e-03    0.00000000e+00
   1.60000000e+00    0.00000000e+00    1.45977730e+00    3.68355656e-03    0.00000000e+00
   1.60000000e+00    0.00000000e+00    1.46735618e+00    2.99492095e-03    0.00000000e+00
   1.60000000e+00    0.00000000e+00    1.47523055e+00    1.59506759e-03    0.00000000e+00
   1.60000000e+00    0.00000000e+00    1.48022532e+00    1.88832092e-03    0.00000000e+00
   1.80000000e+00    2.00000000e-01    1.48184720e+00    2.12645490e-03    0.00000000e+00
   1.90000000e+00    1.73205081e-01    1.48726522e+00    3.47168797e-03    0.00000000e+00
   2.00000000e+00    0.00000000e+00    1.49421223e+00    4.51323207e-03    0.00000000e+00
   2.00000000e+00    0.00000000e+00    1.50156842e+00    4.18157253e-03    0.00000000e+00
   2.00000000e+00    0.00000000e+00    1.50573450e+00    3.07281152e-03    0.00000000e+00
   2.10000000e+00    1.73205081e-01    1.51432155e+00    1.95535387e-03    0.00000000e+00
   2.20000000e+00    2.00000000e-01    1.51723655e+00    1.75343700e-03    0.00000000e+00
   2.30000000e+00    1.73205081e-01    1.52045483e+00    2.44328477e-03    0.00000000e+00
   2.20000000e+00    2.00000000e-01    1.52328405e+00    2.89387526e-03    0.00000000e+00
   2.40000000e+00    0.00000000e+00    1.52542690e+00    2.88303268e-03    0.00000000e+00
   2.40000000e+00    0.00000000e+00    1.53074672e+00    3.62959633e-03    0.00000000e+00
   2.50000000e+00    1.73205081e-01    1.53650585e+00    1.85958743e-03    0.00000000e+00
   2.60000000e+00    2.00000000e-01    1.54075220e+00    2.41175351e-03    0.00000000e+00
   2.50000000e+00    1.73205081e-01    1.54410165e+00    4.23360937e-03    0.00000000e+00
   2.80000000e+00    2.82842712e-01    1.54895815e+00    4.42189284e-04    0.00000000e+00
   2.80000000e+00    0.00000000e+00    1.55249135e+00    2.60202332e-03    0.00000000e+00
   3.00000000e+00    2.00000000e-01    1.55690680e+00    3.37439678e-03    0.00000000e+00
   2.80000000e+00    0.00000000e+00    1.56159140e+00    4.32193702e-03    0.00000000e+00
   3.10000000e+00    1.73205081e-01    1.56653080e+00    1.07097242e-03    0.00000000e+00
   2.90000000e+00    1.73205081e-01    1.57620080e+00    4.41975599e-03    0.00000000e+00
   3.10000000e+00    1.73205081e-01    1.57806402e+00    3.72206494e-03    0.00000000e+00
   3.40000000e+00    2.00000000e-01    1.58228495e+00    3.70926687e-03    0.00000000e+00
   3.40000000e+00    2.00000000e-01    1.58707245e+00    3.77231597e-03    0.00000000e+00
   3.50000000e+00    1.73205081e-01    1.60032390e+00    3.82438241e-03    0.00000000e+00
   3.60000000e+00    0.00000000e+00    1.60456997e+00    1.74552858e-03    0.00000000e+00
   4.00000000e+00    2.82842712e-01    1.61022910e+00    4.25130958e-03    0.00000000e+00
   4.20000000e+00    2.00000000e-01    1.62104265e+00    2.02023913e-03    0.00000000e+00
   4.60000000e+00    3.46410162e-01    1.63487860e+00    2.74769245e-03    0.00000000e+00
   4.90000000e+00    5.19615242e-01    1.65503102e+00    5.08846382e-03    0.00000000e+00
   5.70000000e+00    6.55743852e-01    1.67150533e+00    5.08671259e-03    0.00000000e+00
   6.18000000e+00    2.95972972e-01    1.68794307e+00    9.26971326e-03    1.00000000e+00
   6.92000000e+00    2.68328157e-01    1.70079885e+00    7.99046595e-03    1.00000000e+00
   7.10000000e+00    3.13049517e-01    1.71098073e+00    8.51738465e-03    1.00000000e+00
   7.69000000e+00    4.58148448e-01    1.72991502e+00    8.76610962e-03    1.00000000e+00
   8.12000000e+00    4.38178046e-01    1.73855485e+00    1.09695574e-02    1.00000000e+00
   8.10000000e+00    9.50578771e-01    1.74463957e+00    2.51651748e-02    1.00000000e+00
   9.23000000e+00    5.09411425e-01    1.76540688e+00    2.34375088e-02    1.00000000e+00
   1.03100000e+01    1.58429795e-01    1.78392140e+00    8.35201120e-03    1.00000000e+00
   1.15700000e+01    4.95883051e-01    1.80667803e+00    9.26489955e-03    1.00000000e+00
   1.20000000e+01    0.00000000e+00    1.80666585e+00    1.58777116e-03    0.00000000e+00
   1.40000000e+01    2.00000000e+00    1.82124273e+00    2.89071175e-03    0.00000000e+00
   1.60000000e+01    0.00000000e+00    1.84485207e+00    1.71765020e-03    0.00000000e+00
   1.69800000e+01    1.87669923e+00    1.87299800e+00    3.17949950e-02    1.00000000e+00
   1.82100000e+01    1.46461599e+00    1.90456160e+00    3.05042708e-02    1.00000000e+00
   2.00000000e+01    0.00000000e+00    1.91875222e+00    7.18450312e-03    0.00000000e+00
   2.70000000e+01    1.73205081e+00    1.94109113e+00    1.04892530e-02    0.00000000e+00
   2.80000000e+01    0.00000000e+00    1.97053345e+00    3.05688978e-03    0.00000000e+00
   3.60000000e+01    0.00000000e+00    2.00718273e+00    9.30589874e-03    0.00000000e+00
   4.00000000e+01    0.00000000e+00    2.03936585e+00    9.85937210e-03    0.00000000e+00
   4.95000000e+01    3.32716095e+00    2.10134095e+00    2.89462581e-02    1.00000000e+00
   5.90000000e+01    3.97492138e+00    2.13412422e+00    3.20804920e-02    1.00000000e+00
   8.00000000e+01    0.00000000e+00    2.15464155e+00    6.61704469e-03    0.00000000e+00
   1.20000000e+02    0.00000000e+00    2.19359075e+00    3.68540293e-03    0.00000000e+00
   1.60000000e+02    0.00000000e+00    2.25274805e+00    1.07932367e-02    0.00000000e+00
   2.20000000e+02    2.00000000e+01    2.31121910e+00    2.16173455e-02    0.00000000e+00
   3.00000000e+02    3.46410162e+01    2.34260330e+00    2.11537837e-02    0.00000000e+00
   4.20000000e+02    2.00000000e+01    2.43189287e+00    5.67190665e-03    0.00000000e+00
   7.40000000e+02    6.00000000e+01    2.48477935e+00    1.77706420e-02    0.00000000e+00
   9.90000000e+02    5.91607978e+01    2.52587003e+00    2.23026874e-02    0.00000000e+00
