   5.37957453e-01    2.39867815e-03    2.00000000e-01    0.00000000e+00
   5.65171237e-01    3.01979640e-03    2.00000000e-01    0.00000000e+00
   5.97326577e-01    2.33816776e-03    2.00000000e-01    0.00000000e+00
   6.29238552e-01    1.77394620e-03    2.00000000e-01    0.00000000e+00
   6.70615406e-01    3.51215031e-03    2.00000000e-01    0.00000000e+00
   7.08928587e-01    5.75081865e-03    2.00000000e-01    0.00000000e+00
   7.62018932e-01    1.88358575e-03    2.00000000e-01    0.00000000e+00
   8.23774126e-01    9.00606355e-03    2.00000000e-01    0.00000000e+00
   8.88078458e-01    1.60054440e-03    2.00000000e-01    0.00000000e+00
   9.65801057e-01    3.46177302e-03    2.00000000e-01    0.00000000e+00
   1.07316316e+00    1.61215716e-02    2.00000000e-01    0.00000000e+00
   1.12400342e+00    6.71191576e-03    2.00000000e-01    0.00000000e+00
   1.18415589e+00    2.02609675e-03    2.00000000e-01    0.00000000e+00
   1.26016778e+00    1.56420060e-02    2.00000000e-01    0.00000000e+00
   1.32431483e+00    2.00680118e-02    2.00000000e-01    0.00000000e+00
   1.42886564e+00    1.58567510e-02    2.00000000e-01    0.00000000e+00
   1.53359869e+00    1.89525120e-02    2.00000000e-01    0.00000000e+00
   1.62165263e+00    1.95860167e-02    2.00000000e-01    0.00000000e+00
   1.77935061e+00    4.28143502e-02    2.00000000e-01    0.00000000e+00
   1.93649152e+00    1.81844867e-02    2.00000000e-01    0.00000000e+00
   2.07736109e+00    6.14837887e-02    2.00000000e-01    0.00000000e+00
   2.23221423e+00    6.00886720e-02    2.00000000e-01    0.00000000e+00
   2.29418565e+00    5.64895225e-02    2.00000000e-01    0.00000000e+00
   2.41315847e+00    3.60318520e-02    2.00000000e-01    0.00000000e+00
   2.51652626e+00    3.92164735e-02    2.00000000e-01    0.00000000e+00
   2.62459998e+00    7.72983356e-02    2.00000000e-01    0.00000000e+00
   2.66627138e+00    4.56288165e-02    2.00000000e-01    0.00000000e+00
   2.88696629e+00    2.49202827e-02    2.00000000e-01    0.00000000e+00
   3.04460033e+00    1.12663073e-02    2.00000000e-01    0.00000000e+00
   3.15775671e+00    2.06134422e-02    2.00000000e-01    0.00000000e+00
   3.35955557e+00    2.96598335e-02    2.00000000e-01    0.00000000e+00
   3.59516198e+00    2.51723023e-02    2.00000000e-01    0.00000000e+00
   3.80557001e+00    2.91810282e-02    2.00000000e-01    0.00000000e+00
   4.05019356e+00    3.86997103e-02    2.00000000e-01    0.00000000e+00
   4.26881837e+00    5.00103004e-02    2.00000000e-01    0.00000000e+00
   4.59781604e+00    6.39977668e-02    2.00000000e-01    0.00000000e+00
   4.77343364e+00    5.10686376e-02    2.00000000e-01    0.00000000e+00
   4.94848373e+00    6.14998314e-02    2.00000000e-01    0.00000000e+00
   5.07027488e+00    5.43933711e-02    2.00000000e-01    0.00000000e+00
   5.40957457e+00    2.80464519e-02    2.00000000e-01    0.00000000e+00
   5.48441810e+00    1.12784030e-01    2.00000000e-01    0.00000000e+00
   5.70097593e+00    1.69318386e-02    2.00000000e-01    0.00000000e+00
   5.87140740e+00    1.36921954e-01    2.00000000e-01    0.00000000e+00
   6.21376751e+00    4.32265579e-02    2.00000000e-01    0.00000000e+00
   6.54672436e+00    8.69613107e-02    2.00000000e-01    0.00000000e+00
   6.83038570e+00    6.40911044e-02    2.00000000e-01    0.00000000e+00
   7.16027829e+00    1.62627424e-01    2.00000000e-01    0.00000000e+00
   7.47100191e+00    1.61871755e-01    2.00000000e-01    0.00000000e+00
   7.90483147e+00    1.35586011e-01    2.00000000e-01    0.00000000e+00
   8.24019808e+00    2.14803039e-01    2.00000000e-01    0.00000000e+00
   8.69423099e+00    1.93425344e-01    2.00000000e-01    0.00000000e+00
   9.26613789e+00    1.67320713e-01    2.00000000e-01    0.00000000e+00
   9.49514972e+00    4.58022172e-01    2.00000000e-01    0.00000000e+00
   1.04030203e+01    2.47100784e-01    2.00000000e-01    0.00000000e+00
   1.08695645e+01    3.15172174e-01    2.00000000e-01    0.00000000e+00
   1.15230741e+01    2.70434495e-01    2.00000000e-01    0.00000000e+00
   1.32418286e+01    3.01065874e-01    2.00000000e-01    0.00000000e+00
   1.44970138e+01    6.80032053e-01    2.00000000e-01    0.00000000e+00
   1.76118743e+01    2.15965761e-01    2.00000000e-01    0.00000000e+00
   2.08849495e+01    1.55503233e+00    2.00000000e-01    0.00000000e+00
   2.24120614e+01    2.69993613e-01    2.00000000e-01    0.00000000e+00
   2.69099390e+01    2.52263769e+00    2.00000000e-01    0.00000000e+00
   2.81980046e+01    1.34405767e+00    2.00000000e-01    0.00000000e+00
   3.31139002e+01    2.68252824e+00    2.00000000e-01    0.00000000e+00
   3.34858794e+01    1.02035306e-01    2.00000000e-01    0.00000000e+00
   3.74963438e+01    2.58549646e-01    2.00000000e-01    0.00000000e+00
   4.24010925e+01    1.93082758e-01    2.00000000e-01    0.00000000e+00
   4.78792036e+01    4.68655322e-01    2.00000000e-01    0.00000000e+00
   5.56605342e+01    9.80915883e-01    2.00000000e-01    0.00000000e+00
   6.38100994e+01    7.59401048e-01    2.00000000e-01    0.00000000e+00
   7.45754155e+01    1.71590586e+00    2.00000000e-01    0.00000000e+00
   8.74984848e+01    1.65639824e+00    2.00000000e-01    0.00000000e+00
   1.03120637e+02    1.48760351e+00    2.00000000e-01    0.00000000e+00
   1.22945327e+02    2.63005616e+00    2.00000000e-01    0.00000000e+00
   1.53131306e+02    2.78717189e+00    2.00000000e-01    0.00000000e+00
   1.97330730e+02    1.04974807e+01    2.00000000e-01    0.00000000e+00
   2.42936279e+02    4.22957776e+00    2.00000000e-01    0.00000000e+00
   3.08138943e+02    1.37444704e+01    2.00000000e-01    0.00000000e+00
   4.04839554e+02    5.73115362e+00    2.00000000e-01    0.00000000e+00
   5.46013222e+02    4.59031348e+00    2.00000000e-01    0.00000000e+00
   7.43136224e+02    1.86561580e+01    2.00000000e-01    0.00000000e+00
   1.04089723e+03    1.62560796e+01    2.00000000e-01    0.00000000e+00
   1.51983718e+03    1.03077569e+02    2.00000000e-01    0.00000000e+00
   2.27527153e+03    7.73485780e+01    2.00000000e-01    0.00000000e+00
   3.81811509e+03    4.01679611e+02    2.00000000e-01    0.00000000e+00
   5.95271466e+03    5.76237693e+02    2.00000000e-01    0.00000000e+00
   9.03903565e+03    2.30054514e+02    2.00000000e-01    0.00000000e+00
   1.67607109e+04    1.51021397e+03    2.00000000e-01    0.00000000e+00
   2.63285208e+04    1.08306182e+03    2.00000000e-01    0.00000000e+00
