   1.30000000e+00    0.00000000e+00    2.99974208e+00    3.01924638e-04    3.85375192e+01    2.39401790e-03   -2.98982903e+00    3.24040402e-04   -2.98982903e+00    3.24040402e-04    1.50865920e+00    5.61181873e-04
   1.30000000e+00    0.00000000e+00    2.90011600e+00    6.66327461e-04    3.76446642e+01    3.00895051e-03   -3.11261013e+00    4.08348401e-04   -3.11261013e+00    4.08348401e-04    1.23647638e+00    1.22900312e-03
   1.30000000e+00    0.00000000e+00    2.79996015e+00    3.52503550e-04    3.67277193e+01    4.27140840e-03   -3.23899852e+00    6.68766280e-04   -3.23899852e+00    6.68766280e-04    9.59891698e-01    8.26224417e-04
   1.30000000e+00    0.00000000e+00    2.70036462e+00    4.02845630e-04    3.58057122e+01    7.23396106e-03   -3.36599772e+00    1.10031192e-03   -3.36599772e+00    1.10031192e-03    6.83536598e-01    1.43169327e-03
   1.30000000e+00    0.00000000e+00    2.60011858e+00    3.52890141e-04    3.48714572e+01    7.14156549e-03   -3.49468467e+00    1.05646427e-03   -3.49468467e+00    1.05646427e-03    4.04518130e-01    1.48079919e-03
   1.30000000e+00    0.00000000e+00    2.49969968e+00    2.89959725e-04    3.39162865e+01    3.49520475e-03   -3.62656222e+00    5.95633916e-04   -3.62656222e+00    5.95633916e-04    1.22049903e-01    5.45451666e-04
   1.30000000e+00    0.00000000e+00    2.39959685e+00    4.79436510e-04    3.29576427e+01    2.79974654e-03   -3.75873072e+00    4.75397015e-04   -3.75873072e+00    4.75397015e-04   -1.60235262e-01    7.93144749e-04
   1.30000000e+00    0.00000000e+00    2.29986925e+00    7.21873031e-04    3.19825352e+01    5.86303306e-03   -3.89353963e+00    8.05497816e-04   -3.89353963e+00    8.05497816e-04   -4.44598187e-01    1.87686220e-03
   1.30000000e+00    0.00000000e+00    2.20055095e+00    4.87583083e-04    3.09892357e+01    2.19282949e-03   -4.03101210e+00    2.42923517e-04   -4.03101210e+00    2.42923517e-04   -7.31010907e-01    9.37133661e-04
   1.30000000e+00    0.00000000e+00    2.10010288e+00    2.34689277e-04    2.99798232e+01    5.21253726e-03   -4.17070968e+00    7.16016988e-04   -4.17070968e+00    7.16016988e-04   -1.02134285e+00    9.87058576e-04
   1.30000000e+00    0.00000000e+00    1.99998647e+00    6.46769180e-04    2.89458528e+01    6.94911733e-03   -4.31405755e+00    1.01038760e-03   -4.31405755e+00    1.01038760e-03   -1.31482785e+00    1.96123312e-03
   1.30000000e+00    0.00000000e+00    1.94967852e+00    2.59319160e-04    2.84235840e+01    4.19222173e-03   -4.38634155e+00    6.04246694e-04   -4.38634155e+00    6.04246694e-04   -1.46255485e+00    9.23961464e-04
   1.30000000e+00    0.00000000e+00    1.90024457e+00    4.87577919e-04    2.79015403e+01    3.66694255e-03   -4.45891583e+00    4.79143796e-04   -4.45891583e+00    4.79143796e-04   -1.60926155e+00    1.01974099e-03
   1.30000000e+00    0.00000000e+00    1.84996805e+00    9.78751884e-05    2.73699007e+01    3.65455184e-03   -4.53263198e+00    6.24726506e-04   -4.53263198e+00    6.24726506e-04   -1.75837365e+00    5.70525466e-04
   1.30000000e+00    0.00000000e+00    1.79978048e+00    2.09481818e-04    2.68318523e+01    4.20193660e-03   -4.60725145e+00    6.97247598e-04   -4.60725145e+00    6.97247598e-04   -1.90825565e+00    8.42393556e-04
   1.30000000e+00    0.00000000e+00    1.75020507e+00    3.65501966e-04    2.62896485e+01    1.10323468e-03   -4.68268005e+00    1.41800714e-04   -4.68268005e+00    1.41800714e-04   -2.05802888e+00    5.94577213e-04
   1.30000000e+00    0.00000000e+00    1.69985510e+00    1.43839616e-04    2.57394120e+01    2.36491934e-03   -4.75910287e+00    3.30210474e-04   -4.75910287e+00    3.30210474e-04   -2.20995770e+00    5.32867540e-04
   1.30000000e+00    0.00000000e+00    1.65011965e+00    3.67518880e-04    2.51906955e+01    5.94364301e-03   -4.83537445e+00    8.81260780e-04   -4.83537445e+00    8.81260780e-04   -2.36081385e+00    1.40219638e-03
   1.30000000e+00    0.00000000e+00    1.59988233e+00    2.92957014e-04    2.46304395e+01    5.94223327e-03   -4.91326617e+00    7.83942939e-04   -4.91326617e+00    7.83942939e-04   -2.51404267e+00    1.19084614e-03
   1.30000000e+00    0.00000000e+00    1.55005982e+00    2.48517971e-04    2.40655412e+01    1.33683327e-03   -4.99195223e+00    1.85842613e-04   -4.99195223e+00    1.85842613e-04   -2.66744377e+00    4.82253950e-04
   1.30000000e+00    0.00000000e+00    1.50004235e+00    2.30967233e-04    2.34945203e+01    3.89333401e-03   -5.07133960e+00    5.92379545e-04   -5.07133960e+00    5.92379545e-04   -2.82183863e+00    9.23196248e-04
   1.30000000e+00    0.00000000e+00    1.48027830e+00    3.25870642e-04    2.32629592e+01    3.91241437e-03   -5.10370450e+00    4.96986091e-04   -5.10370450e+00    4.96986091e-04   -2.88384220e+00    9.47274746e-04
   1.30000000e+00    0.00000000e+00    1.45987478e+00    4.07953149e-04    2.30284088e+01    5.94651740e-03   -5.13633987e+00    9.33136028e-04   -5.13633987e+00    9.33136028e-04   -2.94707515e+00    1.49913344e-03
   1.30000000e+00    0.00000000e+00    1.43993372e+00    2.04163922e-04    2.27953245e+01    2.47835112e-03   -5.16884023e+00    3.98519506e-04   -5.16884023e+00    3.98519506e-04   -3.00947958e+00    6.19721996e-04
   1.30000000e+00    0.00000000e+00    1.41997830e+00    2.09154763e-04    2.25617705e+01    3.31110061e-03   -5.20140960e+00    4.90038973e-04   -5.20140960e+00    4.90038973e-04   -3.07197458e+00    7.43001997e-04
   1.30000000e+00    0.00000000e+00    1.40024255e+00    2.06147102e-04    2.23287562e+01    3.08546280e-03   -5.23384680e+00    5.03667018e-04   -5.23384680e+00    5.03667018e-04   -3.13400805e+00    4.11356084e-04
   1.30000000e+00    0.00000000e+00    1.38000470e+00    2.53762793e-04    2.20919165e+01    4.53985559e-03   -5.26685763e+00    6.59336899e-04   -5.26685763e+00    6.59336899e-04   -3.19736805e+00    1.01633860e-03
   1.30000000e+00    0.00000000e+00    1.36002647e+00    3.64587756e-04    2.18481175e+01    3.42741663e-03   -5.30094888e+00    4.34342505e-04   -5.30094888e+00    4.34342505e-04   -3.26141915e+00    9.55182712e-04
   1.30000000e+00    0.00000000e+00    1.33996235e+00    3.31716961e-04    2.16132153e+01    3.60627795e-03   -5.33367510e+00    5.81424230e-04   -5.33367510e+00    5.81424230e-04   -3.32423400e+00    8.48389230e-04
   1.30000000e+00    0.00000000e+00    1.31983535e+00    3.69366826e-04    2.13675148e+01    1.86842613e-03   -5.36801635e+00    2.32087963e-04   -5.36801635e+00    2.32087963e-04   -3.38875825e+00    7.39756016e-04
   1.30000000e+00    0.00000000e+00    1.29994935e+00    1.49064323e-04    2.11288232e+01    4.19823173e-03   -5.40120822e+00    6.22091771e-04   -5.40120822e+00    6.22091771e-04   -3.45177168e+00    6.99363859e-04
   1.30000000e+00    0.00000000e+00    1.28009252e+00    3.02355456e-04    2.08880160e+01    4.98524879e-03   -5.43488030e+00    7.06489048e-04   -5.43488030e+00    7.06489048e-04   -3.51522152e+00    9.22861786e-04
   1.30000000e+00    0.00000000e+00    1.26027245e+00    1.02358940e-04    2.06454610e+01    3.11219143e-03   -5.46863025e+00    4.80932503e-04   -5.46863025e+00    4.80932503e-04   -3.57869418e+00    4.62387999e-04
   1.30000000e+00    0.00000000e+00    1.23985758e+00    1.87149998e-04    2.03957542e+01    4.40143456e-03   -5.50352060e+00    6.71041999e-04   -5.50352060e+00    6.71041999e-04   -3.64419917e+00    9.48173176e-04
   1.30000000e+00    0.00000000e+00    1.21999145e+00    3.22381308e-04    2.01487362e+01    4.24416431e-03   -5.53821947e+00    6.12895160e-04   -5.53821947e+00    6.12895160e-04   -3.70868980e+00    1.04258866e-03
   1.30000000e+00    0.00000000e+00    1.19983242e+00    2.92682194e-04    1.98990253e+01    2.22653244e-03   -5.57312487e+00    3.11194548e-04   -5.57312487e+00    3.11194548e-04   -3.77382617e+00    6.10871134e-04
   1.30000000e+00    0.00000000e+00    1.19002060e+00    2.36951704e-04    1.97755753e+01    3.36638652e-03   -5.59030442e+00    5.77977449e-04   -5.59030442e+00    5.77977449e-04   -3.80571978e+00    8.87587276e-04
   1.30000000e+00    0.00000000e+00    1.18002950e+00    1.64977559e-04    1.96487293e+01    3.92115738e-03   -5.60801772e+00    6.52510001e-04   -5.60801772e+00    6.52510001e-04   -3.83841602e+00    6.95070678e-04
   1.30000000e+00    0.00000000e+00    1.16998840e+00    2.09308540e-04    1.95233098e+01    3.84305096e-03   -5.62561097e+00    5.04823451e-04   -5.62561097e+00    5.04823451e-04   -3.87106713e+00    7.52013369e-04
   1.30000000e+00    0.00000000e+00    1.15990877e+00    1.81734688e-04    1.93997152e+01    4.72655421e-03   -5.64276990e+00    6.28570151e-04   -5.64276990e+00    6.28570151e-04   -3.90334165e+00    8.89440612e-04
   1.30000000e+00    0.00000000e+00    1.15006562e+00    1.85155129e-04    1.92754128e+01    4.57703531e-03   -5.66014913e+00    6.54661651e-04   -5.66014913e+00    6.54661651e-04   -3.93548197e+00    9.30860554e-04
   1.30000000e+00    0.00000000e+00    1.14001995e+00    2.18767976e-04    1.91473723e+01    2.75284729e-03   -5.67803498e+00    4.59802329e-04   -5.67803498e+00    4.59802329e-04   -3.96843258e+00    3.08821748e-04
   1.30000000e+00    0.00000000e+00    1.12998917e+00    2.42474394e-04    1.90135822e+01    5.02366571e-03   -5.69687828e+00    7.09517485e-04   -5.69687828e+00    7.09517485e-04   -4.00231822e+00    8.90867023e-04
   1.30000000e+00    0.00000000e+00    1.12006145e+00    2.48289081e-04    1.88928130e+01    4.13019158e-03   -5.71366060e+00    6.10133899e-04   -5.71366060e+00    6.10133899e-04   -4.03398840e+00    9.58861885e-04
   1.30000000e+00    0.00000000e+00    1.10989533e+00    9.15682089e-05    1.87660738e+01    3.14790584e-03   -5.73139318e+00    6.19442105e-04   -5.73139318e+00    6.19442105e-04   -4.06696640e+00    7.39305799e-04
   1.30000000e+00    0.00000000e+00    1.09998470e+00    6.04990909e-05    1.86293877e+01    4.16115046e-03   -5.75062967e+00    6.76316758e-04   -5.75062967e+00    6.76316758e-04   -4.10106515e+00    7.38939620e-04
   1.30000000e+00    0.00000000e+00    1.09006653e+00    3.40727724e-04    1.85067680e+01    4.16890951e-03   -5.76781223e+00    5.69178019e-04   -5.76781223e+00    5.69178019e-04   -4.13312127e+00    1.02893788e-03
   1.30000000e+00    0.00000000e+00    1.08008065e+00    6.94288665e-05    1.83761093e+01    6.43614471e-03   -5.78611485e+00    9.59754772e-04   -5.78611485e+00    9.59754772e-04   -4.16639892e+00    1.02734362e-03
   1.30000000e+00    0.00000000e+00    1.07014480e+00    2.12016096e-04    1.82447812e+01    6.01874332e-03   -5.80456570e+00    9.59173595e-04   -5.80456570e+00    9.59173595e-04   -4.19974980e+00    9.82805604e-04
   1.30000000e+00    0.00000000e+00    1.05996068e+00    1.69440541e-04    1.81147947e+01    6.80749585e-03   -5.82273802e+00    1.04137235e-03   -5.82273802e+00    1.04137235e-03   -4.23319453e+00    1.17488816e-03
   1.30000000e+00    0.00000000e+00    1.04969060e+00    2.41369333e-04    1.79822120e+01    5.59484830e-03   -5.84114490e+00    8.35117369e-04   -5.84114490e+00    8.35117369e-04   -4.26700262e+00    1.07747882e-03
   1.30000000e+00    0.00000000e+00    1.03995722e+00    1.71519640e-04    1.78558448e+01    6.28969146e-03   -5.85887878e+00    9.55363055e-04   -5.85887878e+00    9.55363055e-04   -4.29933292e+00    1.11484225e-03
   1.30000000e+00    0.00000000e+00    1.02991573e+00    1.79188230e-04    1.77234478e+01    4.65480136e-03   -5.87744075e+00    6.22571829e-04   -5.87744075e+00    6.22571829e-04   -4.33295342e+00    8.89280086e-04
   1.30000000e+00    0.00000000e+00    1.01981237e+00    2.66414952e-04    1.75900765e+01    3.48618771e-03   -5.89601177e+00    5.24593873e-04   -5.89601177e+00    5.24593873e-04   -4.36667563e+00    6.39882897e-04
   1.30000000e+00    0.00000000e+00    1.01007157e+00    1.91025867e-04    1.74632350e+01    8.38349220e-03   -5.91391223e+00    1.28249796e-03   -5.91391223e+00    1.28249796e-03   -4.39918365e+00    1.12788156e-03
   1.30000000e+00    0.00000000e+00    9.99992367e-01    2.03697350e-04    1.73269467e+01    3.07220811e-03   -5.93306362e+00    4.14260741e-04   -5.93306362e+00    4.14260741e-04   -4.43345007e+00    7.10625356e-04
   1.30000000e+00    0.00000000e+00    9.80046148e-01    1.32023102e-04    1.70637732e+01    6.23995254e-03   -5.96991807e+00    1.06548024e-03   -5.96991807e+00    1.06548024e-03   -4.50021635e+00    1.24889749e-03
   1.30000000e+00    0.00000000e+00    9.59965762e-01    9.15063649e-05    1.67914095e+01    2.56144339e-03   -6.00812050e+00    3.67999001e-04   -6.00812050e+00    3.67999001e-04   -4.56853185e+00    3.21178708e-04
   1.30000000e+00    0.00000000e+00    9.39915197e-01    1.26118594e-04    1.65247868e+01    8.24726065e-03   -6.04541555e+00    1.21913148e-03   -6.04541555e+00    1.21913148e-03   -4.63589525e+00    1.35898536e-03
   1.30000000e+00    0.00000000e+00    9.19988025e-01    1.57859793e-04    1.62494512e+01    1.26211991e-02   -6.08413445e+00    1.68927489e-03   -6.08413445e+00    1.68927489e-03   -4.70449737e+00    1.75997818e-03
   1.30000000e+00    0.00000000e+00    9.10058135e-01    1.14102512e-04    1.61124923e+01    2.14836489e-03   -6.10338227e+00    2.71045627e-04   -6.10338227e+00    2.71045627e-04   -4.73863632e+00    4.25149158e-04
   1.30000000e+00    0.00000000e+00    9.00046317e-01    1.23635337e-04    1.59752680e+01    3.84324082e-04   -6.12273280e+00    7.72348043e-05   -6.12273280e+00    7.72348043e-05   -4.77300085e+00    2.33627722e-04
   1.30000000e+00    0.00000000e+00    8.90035895e-01    1.75836192e-04    1.58368720e+01    1.29006686e-03   -6.14212190e+00    1.75494715e-04   -6.14212190e+00    1.75494715e-04   -4.80740180e+00    3.33672212e-04
   1.30000000e+00    0.00000000e+00    8.80038393e-01    1.18789906e-04    1.56978387e+01    4.12336042e-03   -6.16165790e+00    5.33532131e-04   -6.16165790e+00    5.33532131e-04   -4.84193030e+00    6.92710246e-04
   1.30000000e+00    0.00000000e+00    8.69992382e-01    6.73313242e-05    1.55622765e+01    8.32127845e-04   -6.18061773e+00    1.24765127e-04   -6.18061773e+00    1.24765127e-04   -4.87595542e+00    1.38883627e-04
   1.30000000e+00    0.00000000e+00    8.60040373e-01    5.94748070e-05    1.54215158e+01    3.21578671e-03   -6.20043233e+00    4.68702450e-04   -6.20043233e+00    4.68702450e-04   -4.91069427e+00    4.34059076e-04
   1.30000000e+00    0.00000000e+00    8.50021305e-01    1.44477936e-04    1.52804000e+01    1.87235213e-03   -6.22028523e+00    2.82742589e-04   -6.22028523e+00    2.82742589e-04   -4.94557205e+00    3.65628681e-04
   1.30000000e+00    0.00000000e+00    8.40005097e-01    4.34209646e-05    1.51415705e+01    4.49453226e-03   -6.23978648e+00    6.36003512e-04   -6.23978648e+00    6.36003512e-04   -4.98009385e+00    6.57177101e-04
   1.30000000e+00    0.00000000e+00    8.29969957e-01    7.63159231e-05    1.49977405e+01    3.59980058e-03   -6.26011442e+00    6.23414787e-04   -6.26011442e+00    6.23414787e-04   -5.01547073e+00    6.31863749e-04
   1.30000000e+00    0.00000000e+00    8.19988128e-01    6.53273355e-05    1.48561255e+01    3.60174961e-03   -6.28004920e+00    5.61615763e-04   -6.28004920e+00    5.61615763e-04   -5.05037452e+00    6.44924175e-04
   1.30000000e+00    0.00000000e+00    8.09994642e-01    8.23715240e-05    1.47135243e+01    7.23209183e-03   -6.30015488e+00    1.11590064e-03   -6.30015488e+00    1.11590064e-03   -5.08546662e+00    1.23104368e-03
   1.30000000e+00    0.00000000e+00    7.99986173e-01    4.30271265e-05    1.45696758e+01    4.58927703e-03   -6.32040635e+00    6.11232564e-04   -6.32040635e+00    6.11232564e-04   -5.12072705e+00    6.18939939e-04
   1.30000000e+00    0.00000000e+00    7.90029088e-01    1.08724680e-04    1.44274600e+01    4.22781900e-03   -6.34009825e+00    6.06873535e-04   -6.34009825e+00    6.06873535e-04   -5.15535090e+00    7.37656272e-04
   1.30000000e+00    0.00000000e+00    7.80032997e-01    4.87402428e-05    1.42859465e+01    7.76602954e-03   -6.36020438e+00    1.09120679e-03   -6.36020438e+00    1.09120679e-03   -5.19044743e+00    1.11390035e-03
   1.30000000e+00    0.00000000e+00    7.70015057e-01    2.01989955e-05    1.41369023e+01    4.16646759e-03   -6.38131158e+00    5.63298475e-04   -6.38131158e+00    5.63298475e-04   -5.22657775e+00    5.35303440e-04
   1.30000000e+00    0.00000000e+00    7.59939430e-01    4.92139782e-05    1.39859777e+01    1.20038628e-02   -6.40272097e+00    1.93278760e-03   -6.40272097e+00    1.93278760e-03   -5.26309680e+00    1.91881773e-03
   1.30000000e+00    0.00000000e+00    7.50014190e-01    5.33904949e-05    1.38427228e+01    3.89905517e-03   -6.42290542e+00    5.46604479e-04   -6.42290542e+00    5.46604479e-04   -5.29816540e+00    5.09671782e-04
   1.30000000e+00    0.00000000e+00    7.40011585e-01    7.47103408e-05    1.36961243e+01    6.39941210e-03   -6.44344743e+00    1.05130280e-03   -6.44344743e+00    1.05130280e-03   -5.33370755e+00    1.06128377e-03
   1.30000000e+00    0.00000000e+00    7.30048765e-01    9.07340329e-05    1.35502820e+01    4.00371783e-03   -6.46400792e+00    5.35961376e-04   -6.46400792e+00    5.35961376e-04   -5.36920853e+00    5.31319073e-04
   1.30000000e+00    0.00000000e+00    7.20028477e-01    6.74735976e-05    1.33997152e+01    2.51169628e-03   -6.48525455e+00    2.98498865e-04   -6.48525455e+00    2.98498865e-04   -5.40548180e+00    3.92294143e-04
   1.30000000e+00    0.00000000e+00    7.10024368e-01    3.06112458e-05    1.32515212e+01    2.54989366e-03   -6.50613240e+00    4.11074829e-04   -6.50613240e+00    4.11074829e-04   -5.44136210e+00    4.20814930e-04
   1.30000000e+00    0.00000000e+00    7.00048958e-01    6.01545910e-05    1.31026078e+01    1.92947861e-03   -6.52721588e+00    3.80135130e-04   -6.52721588e+00    3.80135130e-04   -5.47740495e+00    2.97696872e-04
   1.30000000e+00    0.00000000e+00    6.90029100e-01    2.28043077e-05    1.29509402e+01    8.99167433e-03   -6.54852102e+00    1.35642847e-03   -6.54852102e+00    1.35642847e-03   -5.51373613e+00    1.33627931e-03
   1.30000000e+00    0.00000000e+00    6.80020057e-01    4.17381470e-05    1.27975787e+01    4.41687227e-03   -6.57045983e+00    7.98441774e-04   -6.57045983e+00    7.98441774e-04   -5.55068475e+00    8.07087915e-04
   1.30000000e+00    0.00000000e+00    6.69991675e-01    8.34798738e-05    1.26328972e+01    1.49661061e-02   -6.59378905e+00    2.34112123e-03   -6.59378905e+00    2.34112123e-03   -5.58905280e+00    2.26175383e-03
   1.30000000e+00    0.00000000e+00    6.60020075e-01    8.03833989e-05    1.24853193e+01    1.08599069e-02   -6.61446053e+00    1.62125949e-03   -6.61446053e+00    1.62125949e-03   -5.62467793e+00    1.65145263e-03
   1.30000000e+00    0.00000000e+00    6.50045185e-01    6.56537145e-05    1.23425627e+01    2.97970304e-03   -6.63453730e+00    5.98236270e-04   -6.63453730e+00    5.98236270e-04   -5.65971327e+00    5.63910584e-04
   1.30000000e+00    0.00000000e+00    6.39954630e-01    7.86849773e-05    1.21747865e+01    1.15676265e-02   -6.65813390e+00    1.89871259e-03   -6.65813390e+00    1.89871259e-03   -5.69826575e+00    1.92926075e-03
   1.30000000e+00    0.00000000e+00    6.29922310e-01    4.06275664e-05    1.20284593e+01    9.59542160e-03   -6.67896992e+00    1.77199649e-03   -6.67896992e+00    1.77199649e-03   -5.73396993e+00    1.77199649e-03
