   3.59000000e-01    1.92613603e-02    1.31863578e+00    3.03006851e-03    2.00000000e+00
   3.83000000e-01    1.50665192e-02    1.32574748e+00    1.68757337e-03    2.00000000e+00
   3.96000000e-01    9.79795897e-03    1.32886165e+00    2.45340022e-03    2.00000000e+00
   3.97000000e-01    1.03440804e-02    1.32866330e+00    3.71997625e-03    2.00000000e+00
   4.26000000e-01    1.88679623e-02    1.33415230e+00    1.92136996e-03    2.00000000e+00
   4.34000000e-01    1.28062485e-02    1.33991065e+00    2.55771158e-03    2.00000000e+00
   4.20000000e-01    1.69705627e-02    1.34348298e+00    6.54603471e-03    2.00000000e+00
   4.45000000e-01    2.79105715e-02    1.35028420e+00    4.32433787e-03    2.00000000e+00
   4.33000000e-01    1.30766968e-02    1.34764955e+00    3.28336712e-03    2.00000000e+00
   4.72000000e-01    2.31516738e-02    1.35517423e+00    6.23187216e-03    2.00000000e+00
   4.68000000e-01    3.13687743e-02    1.35909470e+00    2.76845498e-03    2.00000000e+00
   4.89000000e-01    9.94987437e-03    1.35896007e+00    3.02593138e-03    2.00000000e+00
   4.90000000e-01    3.23109888e-02    1.36104270e+00    4.05165009e-03    2.00000000e+00
   5.20000000e-01    1.41421356e-02    1.37034718e+00    6.14461327e-03    2.00000000e+00
   5.56000000e-01    1.69705627e-02    1.37878113e+00    1.15408990e-03    2.00000000e+00
   5.66000000e-01    1.40000000e-02    1.38084090e+00    1.73938423e-03    2.00000000e+00
   5.93000000e-01    2.90344623e-02    1.38714512e+00    3.02281015e-03    2.00000000e+00
   6.24000000e-01    4.79165942e-02    1.39026432e+00    6.08090020e-03    2.00000000e+00
   6.51250000e-01    2.24652509e-02    1.39116417e+00    2.34103599e-03    2.00000000e+00
   6.50000000e-01    1.65831240e-02    1.40146440e+00    3.53897861e-03    2.00000000e+00
   6.76250000e-01    2.21852992e-02    1.41077050e+00    4.89845052e-03    2.00000000e+00
   7.05000000e-01    3.53553391e-03    1.41551923e+00    5.26117938e-03    2.00000000e+00
   7.63750000e-01    4.17395196e-02    1.42371740e+00    4.14274117e-03    2.00000000e+00
   7.97500000e-01    4.67038542e-02    1.43013187e+00    4.79669339e-03    2.00000000e+00
   8.33750000e-01    3.69754986e-02    1.43252012e+00    7.61860444e-03    2.00000000e+00
   8.00000000e-01    4.89897949e-02    1.44038025e+00    3.05263514e-03    1.00000000e+00
   9.03750000e-01    5.14022130e-02    1.45336503e+00    5.72002746e-03    2.00000000e+00
   9.20000000e-01    6.32455532e-02    1.45187570e+00    1.86562207e-03    1.00000000e+00
   9.62500000e-01    8.84236959e-02    1.46252310e+00    5.85541897e-03    2.00000000e+00
   9.90000000e-01    4.35889894e-02    1.46363400e+00    1.03204500e-03    1.00000000e+00
   1.01500000e+00    8.50734976e-02    1.46914508e+00    6.06471243e-03    2.00000000e+00
   1.06000000e+00    2.00000000e-02    1.47486158e+00    5.62681902e-03    1.00000000e+00
   1.12125000e+00    4.17395196e-02    1.48235535e+00    9.04492387e-03    2.00000000e+00
   1.12625000e+00    1.03221546e-01    1.48773475e+00    4.63278730e-03    2.00000000e+00
   1.23875000e+00    6.74884249e-02    1.48504800e+00    2.62069337e-03    2.00000000e+00
   1.20625000e+00    3.99022242e-02    1.49987678e+00    2.07999882e-03    2.00000000e+00
   1.13500000e+00    6.40312424e-02    1.48983547e+00    7.98341820e-03    2.00000000e+00
   1.13000000e+00    7.68114575e-02    1.49259652e+00    3.84046106e-03    1.00000000e+00
   1.18500000e+00    1.43918380e-01    1.49714265e+00    3.56745839e-03    2.00000000e+00
   1.33875000e+00    8.60504939e-02    1.50626870e+00    8.94936404e-03    2.00000000e+00
   1.31000000e+00    7.68114575e-02    1.50208825e+00    4.05212194e-03    1.00000000e+00
   1.31000000e+00    7.65669642e-02    1.50914178e+00    7.72289217e-03    2.00000000e+00
   1.20500000e+00    3.58817502e-02    1.50505725e+00    4.52291857e-03    2.00000000e+00
   1.39000000e+00    6.55743852e-02    1.51142863e+00    3.97382908e-03    1.00000000e+00
   1.48000000e+00    4.16833300e-02    1.51418380e+00    7.80529882e-03    2.00000000e+00
   1.42000000e+00    1.84661853e-01    1.51871592e+00    6.45027227e-03    2.00000000e+00
   1.44000000e+00    9.79795897e-02    1.51596055e+00    3.29583968e-03    1.00000000e+00
   1.42625000e+00    6.78578477e-02    1.51395515e+00    1.11915945e-02    2.00000000e+00
   1.52750000e+00    1.48176415e-01    1.51565655e+00    5.68565165e-03    2.00000000e+00
   1.50000000e+00    7.21110255e-02    1.53106260e+00    3.84552249e-03    1.00000000e+00
   1.54250000e+00    9.77560740e-02    1.53375238e+00    1.09754154e-02    2.00000000e+00
   1.58625000e+00    1.02553340e-01    1.54120235e+00    9.42034636e-03    2.00000000e+00
   1.54000000e+00    8.24621125e-02    1.54163293e+00    3.01830467e-03    1.00000000e+00
   1.62750000e+00    1.95272246e-01    1.54947295e+00    3.75549557e-03    2.00000000e+00
   1.77625000e+00    1.57336224e-01    1.55138427e+00    1.91293223e-03    2.00000000e+00
   1.80000000e+00    7.48331477e-02    1.55806080e+00    6.38217638e-03    1.00000000e+00
   1.79000000e+00    1.42478068e-01    1.55543467e+00    2.80139040e-03    1.00000000e+00
   1.78000000e+00    6.63324958e-02    1.56608927e+00    4.53877363e-03    1.00000000e+00
   2.01000000e+00    1.30766968e-01    1.57417235e+00    4.90037618e-03    1.00000000e+00
   2.03000000e+00    1.07238053e-01    1.58043793e+00    3.00138536e-03    1.00000000e+00
   2.06000000e+00    1.03923048e-01    1.59173770e+00    1.49967890e-03    1.00000000e+00
   2.21000000e+00    1.17898261e-01    1.59620833e+00    3.19017666e-03    1.00000000e+00
   2.27000000e+00    5.91607978e-02    1.59769915e+00    4.37298228e-03    1.00000000e+00
   2.39000000e+00    7.68114575e-02    1.61015095e+00    3.03867855e-03    1.00000000e+00
   2.42000000e+00    1.31148770e-01    1.61832517e+00    5.96897463e-03    1.00000000e+00
   2.63000000e+00    1.75214155e-01    1.62540325e+00    5.34503814e-03    1.00000000e+00
   2.63000000e+00    8.18535277e-02    1.62640310e+00    4.31845828e-03    1.00000000e+00
   2.75000000e+00    1.68226038e-01    1.63652815e+00    8.50519401e-03    1.00000000e+00
   2.88000000e+00    1.09544512e-01    1.63611867e+00    5.17677630e-03    1.00000000e+00
   3.04000000e+00    3.03315018e-01    1.63993790e+00    5.46729300e-03    1.00000000e+00
   3.16000000e+00    3.11126984e-01    1.64301337e+00    7.00274735e-03    1.00000000e+00
   3.07000000e+00    2.32163735e-01    1.65646533e+00    9.46738375e-03    1.00000000e+00
   3.02000000e+00    9.16515139e-02    1.65696315e+00    4.39299466e-03    1.00000000e+00
   3.38000000e+00    9.16515139e-02    1.66558440e+00    4.19315805e-03    1.00000000e+00
   3.21000000e+00    2.17944947e-01    1.66347225e+00    8.94114952e-03    1.00000000e+00
   3.30000000e+00    2.12602916e-01    1.66870937e+00    4.34791068e-03    1.00000000e+00
   3.57000000e+00    1.45258390e-01    1.67640955e+00    6.59507435e-03    1.00000000e+00
   3.72000000e+00    5.34415569e-01    1.68442673e+00    6.35180465e-03    1.00000000e+00
   3.65000000e+00    1.77482393e-01    1.69540428e+00    5.45331690e-03    1.00000000e+00
   3.90000000e+00    2.97321375e-01    1.69170843e+00    1.04905280e-02    1.00000000e+00
   4.02000000e+00    2.48997992e-01    1.71025627e+00    7.96981370e-03    1.00000000e+00
   4.36000000e+00    1.35646600e-01    1.71663605e+00    3.62902170e-03    1.00000000e+00
   4.34000000e+00    6.00000000e-02    1.72143053e+00    1.00804375e-02    1.00000000e+00
   4.63000000e+00    3.65923489e-01    1.73757432e+00    3.99693030e-03    1.00000000e+00
   4.67000000e+00    2.17944947e-01    1.72703770e+00    9.24841617e-03    1.00000000e+00
   4.84000000e+00    2.34946802e-01    1.73675858e+00    1.60454871e-02    1.00000000e+00
   5.13000000e+00    4.07308237e-01    1.75582537e+00    7.68627008e-03    1.00000000e+00
   4.99000000e+00    1.42478068e-01    1.75206843e+00    9.10522969e-03    1.00000000e+00
   5.63000000e+00    2.76224546e-01    1.76237355e+00    8.82208064e-03    1.00000000e+00
   5.58000000e+00    4.67760623e-01    1.78649943e+00    1.33681881e-02    1.00000000e+00
   5.95000000e+00    3.99374511e-01    1.77220828e+00    5.95540122e-03    1.00000000e+00
   6.56000000e+00    6.08604962e-01    1.80640238e+00    1.61502439e-02    1.00000000e+00
   6.50000000e+00    4.35889894e-01    1.81167912e+00    3.16924423e-03    0.00000000e+00
   8.00000000e+00    0.00000000e+00    1.80983350e+00    5.85848460e-03    0.00000000e+00
   8.00000000e+00    0.00000000e+00    1.83292192e+00    6.39336653e-03    0.00000000e+00
   8.00000000e+00    0.00000000e+00    1.83840178e+00    6.44033512e-03    0.00000000e+00
   8.00000000e+00    0.00000000e+00    1.85039505e+00    4.30053948e-03    0.00000000e+00
   8.00000000e+00    0.00000000e+00    1.86597535e+00    2.30950614e-03    0.00000000e+00
   1.20000000e+01    0.00000000e+00    1.87429312e+00    3.81787401e-03    0.00000000e+00
   1.20000000e+01    0.00000000e+00    1.90490375e+00    9.54227495e-03    0.00000000e+00
   1.20000000e+01    0.00000000e+00    1.92026098e+00    9.82048149e-04    0.00000000e+00
   1.20000000e+01    0.00000000e+00    1.93397222e+00    7.80319515e-03    0.00000000e+00
   1.30000000e+01    1.73205081e+00    1.94789595e+00    7.29730524e-03    0.00000000e+00
   1.60000000e+01    0.00000000e+00    1.97867697e+00    5.85594841e-03    0.00000000e+00
   1.60000000e+01    0.00000000e+00    1.99596270e+00    7.11328358e-03    0.00000000e+00
   1.90000000e+01    1.73205081e+00    2.01827953e+00    6.52251487e-03    0.00000000e+00
   1.99500000e+01    1.47305804e+00    2.03518743e+00    2.47494072e-02    1.00000000e+00
   2.30000000e+01    1.73205081e+00    2.06673745e+00    7.84220712e-03    0.00000000e+00
   2.67000000e+01    4.41248229e+00    2.12030422e+00    4.40983844e-02    1.00000000e+00
   2.91000000e+01    8.18535277e-01    2.13127500e+00    1.95632700e-02    1.00000000e+00
   3.54000000e+01    1.80000000e+00    2.16146785e+00    1.51181010e-02    1.00000000e+00
   3.53000000e+01    1.30766968e+00    2.16797478e+00    2.27932918e-02    1.00000000e+00
   4.00000000e+01    0.00000000e+00    2.19818255e+00    5.18027989e-03    0.00000000e+00
   5.55000000e+01    9.66798842e+00    2.25593822e+00    4.14372340e-02    1.00000000e+00
   8.00000000e+01    0.00000000e+00    2.26480522e+00    1.29274014e-02    0.00000000e+00
   8.00000000e+01    0.00000000e+00    2.32770470e+00    1.08180409e-02    0.00000000e+00
   9.00000000e+01    1.73205081e+01    2.34694345e+00    7.32069515e-03    0.00000000e+00
   1.20000000e+02    0.00000000e+00    2.40061352e+00    1.20541966e-02    0.00000000e+00
   1.60000000e+02    0.00000000e+00    2.44945770e+00    2.10574521e-02    0.00000000e+00
   1.90000000e+02    1.73205081e+01    2.47093138e+00    2.98171943e-02    0.00000000e+00
   2.40000000e+02    0.00000000e+00    2.54043250e+00    1.04994060e-02    0.00000000e+00
   2.90000000e+02    1.73205081e+01    2.56333423e+00    2.92707118e-02    0.00000000e+00
   4.10000000e+02    1.73205081e+01    2.60862368e+00    2.73754107e-02    0.00000000e+00
   5.30000000e+02    4.35889894e+01    2.64663485e+00    2.85432983e-02    0.00000000e+00
   8.20000000e+02    9.16515139e+01    2.75346375e+00    2.44040220e-02    0.00000000e+00
