   3.72509311e-01    2.11497830e-03    2.00000000e-01    0.00000000e+00
   3.94668874e-01    1.86670678e-03    2.00000000e-01    0.00000000e+00
   4.16537822e-01    1.06316641e-03    2.00000000e-01    0.00000000e+00
   4.31911010e-01    1.74542669e-03    2.00000000e-01    0.00000000e+00
   4.41528470e-01    1.92599458e-03    2.00000000e-01    0.00000000e+00
   4.59377949e-01    3.08549375e-03    2.00000000e-01    0.00000000e+00
   4.76830396e-01    2.70305043e-03    2.00000000e-01    0.00000000e+00
   4.94846239e-01    2.65025021e-03    2.00000000e-01    0.00000000e+00
   5.11640438e-01    2.58002550e-03    2.00000000e-01    0.00000000e+00
   5.34071939e-01    2.89878656e-03    2.00000000e-01    0.00000000e+00
   5.54883215e-01    2.36528956e-03    2.00000000e-01    0.00000000e+00
   5.77763566e-01    2.23546014e-03    2.00000000e-01    0.00000000e+00
   6.05977771e-01    4.53148633e-03    2.00000000e-01    0.00000000e+00
   6.32968650e-01    4.99820596e-03    2.00000000e-01    0.00000000e+00
   6.64114579e-01    5.29649543e-03    2.00000000e-01    0.00000000e+00
   7.00746564e-01    4.95294699e-03    2.00000000e-01    0.00000000e+00
   7.44955735e-01    8.36142528e-03    2.00000000e-01    0.00000000e+00
   7.88703690e-01    5.17332817e-03    2.00000000e-01    0.00000000e+00
   8.35597002e-01    1.02924116e-02    2.00000000e-01    0.00000000e+00
   8.85634403e-01    8.75322544e-03    2.00000000e-01    0.00000000e+00
   9.60665873e-01    7.54158390e-03    2.00000000e-01    0.00000000e+00
   1.03625819e+00    4.15725601e-03    2.00000000e-01    0.00000000e+00
   1.12363654e+00    6.55884940e-03    2.00000000e-01    0.00000000e+00
   1.21663837e+00    1.69478983e-02    2.00000000e-01    0.00000000e+00
   1.28384868e+00    2.36028522e-02    2.00000000e-01    0.00000000e+00
   1.36272152e+00    5.53490297e-03    2.00000000e-01    0.00000000e+00
   1.45235135e+00    1.94735311e-02    2.00000000e-01    0.00000000e+00
   1.51794896e+00    1.01864667e-02    2.00000000e-01    0.00000000e+00
   1.60086453e+00    2.71109836e-02    2.00000000e-01    0.00000000e+00
   1.70324342e+00    6.58208937e-03    2.00000000e-01    0.00000000e+00
   1.81736347e+00    6.63705759e-02    2.00000000e-01    0.00000000e+00
   1.94828617e+00    9.64680246e-03    2.00000000e-01    0.00000000e+00
   2.01562386e+00    4.00239150e-02    2.00000000e-01    0.00000000e+00
   2.03967337e+00    8.94853916e-03    2.00000000e-01    0.00000000e+00
   2.10237280e+00    3.34734978e-02    2.00000000e-01    0.00000000e+00
   2.17027704e+00    5.92683079e-02    2.00000000e-01    0.00000000e+00
   2.18716718e+00    3.14738692e-02    2.00000000e-01    0.00000000e+00
   2.26999252e+00    1.48596605e-02    2.00000000e-01    0.00000000e+00
   2.37608017e+00    3.44703070e-02    2.00000000e-01    0.00000000e+00
   2.45743364e+00    5.00784090e-02    2.00000000e-01    0.00000000e+00
   2.47481324e+00    2.61506320e-02    2.00000000e-01    0.00000000e+00
   2.56832541e+00    6.47682381e-02    2.00000000e-01    0.00000000e+00
   2.54390413e+00    3.64199733e-02    2.00000000e-01    0.00000000e+00
   2.71145075e+00    1.75229766e-02    2.00000000e-01    0.00000000e+00
   2.80904131e+00    1.00234663e-01    2.00000000e-01    0.00000000e+00
   2.90106682e+00    4.77274735e-02    2.00000000e-01    0.00000000e+00
   2.98505396e+00    2.23359288e-02    2.00000000e-01    0.00000000e+00
   3.05443202e+00    9.55346951e-02    2.00000000e-01    0.00000000e+00
   3.13981647e+00    9.29820231e-02    2.00000000e-01    0.00000000e+00
   3.35094923e+00    8.54400221e-03    2.00000000e-01    0.00000000e+00
   3.37781934e+00    1.02869641e-01    2.00000000e-01    0.00000000e+00
   3.57068247e+00    1.14613893e-01    2.00000000e-01    0.00000000e+00
   3.69610053e+00    2.96665119e-02    2.00000000e-01    0.00000000e+00
   3.88290231e+00    2.08346279e-01    2.00000000e-01    0.00000000e+00
   3.97140480e+00    8.25103256e-02    2.00000000e-01    0.00000000e+00
   4.19591151e+00    7.25900733e-02    2.00000000e-01    0.00000000e+00
   4.33705092e+00    3.15563326e-02    2.00000000e-01    0.00000000e+00
   4.60688131e+00    6.82520975e-02    2.00000000e-01    0.00000000e+00
   4.78113991e+00    7.95161541e-02    2.00000000e-01    0.00000000e+00
   5.20738605e+00    1.06586199e-01    2.00000000e-01    0.00000000e+00
   5.61719843e+00    9.37901786e-02    2.00000000e-01    0.00000000e+00
   5.90346426e+00    5.29864305e-02    2.00000000e-01    0.00000000e+00
   6.08028593e+00    1.30822703e-01    2.00000000e-01    0.00000000e+00
   6.71171973e+00    1.47082971e-01    2.00000000e-01    0.00000000e+00
   7.02731467e+00    1.52847582e-01    2.00000000e-01    0.00000000e+00
   7.74470388e+00    2.74400502e-01    2.00000000e-01    0.00000000e+00
   7.82382108e+00    2.60296197e-01    2.00000000e-01    0.00000000e+00
   8.17693904e+00    2.00101376e-01    2.00000000e-01    0.00000000e+00
   8.51379358e+00    1.40073674e-01    2.00000000e-01    0.00000000e+00
   9.04942123e+00    1.76378683e-01    2.00000000e-01    0.00000000e+00
   9.25616878e+00    2.37724183e-01    2.00000000e-01    0.00000000e+00
   9.77894269e+00    2.36772007e-01    2.00000000e-01    0.00000000e+00
   1.00281427e+01    2.75384315e-01    2.00000000e-01    0.00000000e+00
   1.05860590e+01    1.74543699e-01    2.00000000e-01    0.00000000e+00
   1.09342510e+01    3.09992029e-01    2.00000000e-01    0.00000000e+00
   1.14946375e+01    2.08481350e-01    2.00000000e-01    0.00000000e+00
   1.18878682e+01    5.08951193e-01    2.00000000e-01    0.00000000e+00
   1.24833638e+01    3.90659561e-01    2.00000000e-01    0.00000000e+00
   1.34077319e+01    6.90952210e-01    2.00000000e-01    0.00000000e+00
   1.39603025e+01    6.32433973e-01    2.00000000e-01    0.00000000e+00
   1.50737900e+01    6.29344434e-01    2.00000000e-01    0.00000000e+00
   1.55605806e+01    8.81843359e-01    2.00000000e-01    0.00000000e+00
   1.66717187e+01    3.96144974e-01    2.00000000e-01    0.00000000e+00
   1.83389314e+01    3.13852164e-01    2.00000000e-01    0.00000000e+00
   1.85967456e+01    1.06168672e+00    2.00000000e-01    0.00000000e+00
   1.98879138e+01    1.45094371e+00    2.00000000e-01    0.00000000e+00
   2.22552149e+01    6.57003347e-01    2.00000000e-01    0.00000000e+00
   2.19663935e+01    4.07175795e-01    2.00000000e-01    0.00000000e+00
   2.38241301e+01    1.87998133e+00    2.00000000e-01    0.00000000e+00
   2.64339394e+01    1.86425822e+00    2.00000000e-01    0.00000000e+00
   2.85792995e+01    9.19565325e-01    2.00000000e-01    0.00000000e+00
   3.03380376e+01    8.19999483e-01    2.00000000e-01    0.00000000e+00
   3.36888712e+01    3.23568617e-01    2.00000000e-01    0.00000000e+00
   3.65853500e+01    2.95936727e-01    2.00000000e-01    0.00000000e+00
   4.02730427e+01    4.21303134e-01    2.00000000e-01    0.00000000e+00
   4.39420357e+01    3.96974345e-01    2.00000000e-01    0.00000000e+00
   4.84646014e+01    1.77891077e-01    2.00000000e-01    0.00000000e+00
   5.30106748e+01    5.70138873e-01    2.00000000e-01    0.00000000e+00
   5.97823658e+01    8.77052793e-01    2.00000000e-01    0.00000000e+00
   6.69348159e+01    1.61315686e+00    2.00000000e-01    0.00000000e+00
   7.40088925e+01    2.41292539e+00    2.00000000e-01    0.00000000e+00
   8.39623060e+01    2.75383297e+00    2.00000000e-01    0.00000000e+00
   9.35332579e+01    2.97916721e+00    2.00000000e-01    0.00000000e+00
   1.12656303e+02    1.25246182e+00    2.00000000e-01    0.00000000e+00
   1.25593745e+02    2.71398888e+00    2.00000000e-01    0.00000000e+00
   1.44627312e+02    5.91314017e+00    2.00000000e-01    0.00000000e+00
   1.68840267e+02    2.84971598e+00    2.00000000e-01    0.00000000e+00
   2.08351885e+02    7.74022972e+00    2.00000000e-01    0.00000000e+00
   2.38045631e+02    3.92340984e+00    2.00000000e-01    0.00000000e+00
   2.92479793e+02    1.69276217e+00    2.00000000e-01    0.00000000e+00
   3.51860592e+02    2.73513942e+00    2.00000000e-01    0.00000000e+00
   4.26601175e+02    4.44822770e+00    2.00000000e-01    0.00000000e+00
   5.35440067e+02    1.29995791e+01    2.00000000e-01    0.00000000e+00
   6.75124439e+02    2.64692044e+01    2.00000000e-01    0.00000000e+00
   8.73054588e+02    8.10494005e+00    2.00000000e-01    0.00000000e+00
   1.13432031e+03    5.87847082e+01    2.00000000e-01    0.00000000e+00
   1.51249657e+03    6.50207991e+01    2.00000000e-01    0.00000000e+00
   2.01667979e+03    8.16407694e+01    2.00000000e-01    0.00000000e+00
   2.72280814e+03    3.72702656e+01    2.00000000e-01    0.00000000e+00
   3.56754083e+03    2.55053796e+02    2.00000000e-01    0.00000000e+00
   4.83607482e+03    2.34392887e+02    2.00000000e-01    0.00000000e+00
   6.90514567e+03    9.76854620e+02    2.00000000e-01    0.00000000e+00
   1.03496600e+04    1.44442988e+03    2.00000000e-01    0.00000000e+00
   1.40249254e+04    1.43488396e+03    2.00000000e-01    0.00000000e+00
   2.36077140e+04    3.01518986e+03    2.00000000e-01    0.00000000e+00
