   1.40000000e+00    0.00000000e+00    5.00039107e+00    4.12124874e-04    7.31067817e+01    4.54061710e-03    4.26230675e-01    6.41720860e-04    4.26230675e-01    6.41720860e-04    7.92494215e+00    1.24015437e-03
   1.40000000e+00    0.00000000e+00    4.79999915e+00    7.93226760e-04    7.13053550e+01    1.15705164e-03    1.91342193e-01    2.58285144e-04    1.91342193e-01    2.58285144e-04    7.38954095e+00    1.03962368e-03
   1.40000000e+00    0.00000000e+00    4.60017430e+00    5.18322077e-04    6.94899568e+01    9.26143786e-03   -4.53792275e-02    1.33255598e-03   -4.53792275e-02    1.33255598e-03    6.85315710e+00    1.98482120e-03
   1.40000000e+00    0.00000000e+00    4.50011687e+00    3.15792791e-04    6.85684528e+01    2.51299964e-03   -1.65878272e-01    3.55197426e-04   -1.65878272e-01    3.55197426e-04    6.58260945e+00    3.17624696e-04
   1.40000000e+00    0.00000000e+00    4.40029693e+00    2.56088182e-04    6.76436195e+01    3.51860942e-03   -2.86722307e-01    6.37683441e-04   -2.86722307e-01    6.37683441e-04    6.31207293e+00    8.28295984e-04
   1.40000000e+00    0.00000000e+00    4.29961855e+00    4.50339786e-04    6.66940775e+01    7.53877979e-03   -4.11129940e-01    1.12451480e-03   -4.11129940e-01    1.12451480e-03    6.03668553e+00    1.40588963e-03
   1.40000000e+00    0.00000000e+00    4.20013228e+00    6.22933666e-04    6.57532960e+01    5.55884696e-03   -5.34230063e-01    7.96811469e-04   -5.34230063e-01    7.96811469e-04    5.76439332e+00    1.53472056e-03
   1.40000000e+00    0.00000000e+00    4.10014222e+00    3.65331859e-04    6.48062898e+01    6.14305463e-03   -6.58293155e-01    8.25380293e-04   -6.58293155e-01    8.25380293e-04    5.49038265e+00    1.26411299e-03
   1.40000000e+00    0.00000000e+00    4.00003230e+00    8.33097560e-04    6.38421835e+01    5.61406735e-03   -7.84640525e-01    7.01094670e-04   -7.84640525e-01    7.01094670e-04    5.21390790e+00    1.74855994e-03
   1.40000000e+00    0.00000000e+00    3.90055672e+00    4.61612144e-04    6.28799050e+01    8.22404478e-03   -9.10941865e-01    1.14347016e-03   -9.10941865e-01    1.14347016e-03    4.93843053e+00    1.80223045e-03
   1.40000000e+00    0.00000000e+00    3.79981687e+00    4.59944102e-04    6.18942560e+01    2.33153501e-03   -1.04043455e+00    3.15479227e-04   -1.04043455e+00    3.15479227e-04    4.65786590e+00    9.38086891e-04
   1.40000000e+00    0.00000000e+00    3.69993370e+00    2.14694713e-04    6.09092920e+01    4.48792719e-03   -1.16984195e+00    6.63846901e-04   -1.16984195e+00    6.63846901e-04    4.37867115e+00    5.63282578e-04
   1.40000000e+00    0.00000000e+00    3.60012785e+00    6.27332741e-04    5.99113860e+01    5.98964936e-03   -1.30107967e+00    8.46104817e-04   -1.30107967e+00    8.46104817e-04    4.09776205e+00    1.50622191e-03
   1.40000000e+00    0.00000000e+00    3.49988935e+00    3.25878240e-04    5.89005240e+01    4.84507693e-03   -1.43409823e+00    7.19085417e-04   -1.43409823e+00    7.19085417e-04    3.81442340e+00    1.05051278e-03
   1.40000000e+00    0.00000000e+00    3.39989375e+00    5.40999476e-04    5.78850665e+01    7.33435156e-03   -1.56786285e+00    1.03771333e-03   -1.56786285e+00    1.03771333e-03    3.53070283e+00    1.79396224e-03
   1.40000000e+00    0.00000000e+00    3.30018472e+00    3.98682508e-04    5.68515383e+01    3.24479602e-03   -1.70432743e+00    4.19831504e-04   -1.70432743e+00    4.19831504e-04    3.24471210e+00    9.47584548e-04
   1.40000000e+00    0.00000000e+00    3.19977940e+00    2.97576629e-04    5.58087423e+01    4.42564286e-03   -1.84181938e+00    5.95599154e-04   -1.84181938e+00    5.95599154e-04    2.95664985e+00    9.97015162e-04
   1.40000000e+00    0.00000000e+00    3.10030343e+00    4.74201352e-04    5.47587945e+01    6.53038002e-03   -1.98044495e+00    1.01751331e-03   -1.98044495e+00    1.01751331e-03    2.66884755e+00    1.15396453e-03
   1.40000000e+00    0.00000000e+00    2.99940092e+00    6.81960092e-04    5.38891148e+01    5.56567145e-03   -2.09078090e+00    7.42829109e-04   -2.09078090e+00    7.42829109e-04    2.40719575e+00    1.68763738e-03
   1.40000000e+00    0.00000000e+00    2.89978962e+00    5.71116798e-04    5.28161925e+01    3.68663481e-03   -2.23276022e+00    5.35363985e-04   -2.23276022e+00    5.35363985e-04    2.11583680e+00    1.16769640e-03
   1.40000000e+00    0.00000000e+00    2.80019695e+00    5.21857694e-04    5.17099973e+01    2.84863585e-03   -2.37962473e+00    3.31868734e-04   -2.37962473e+00    3.31868734e-04    1.81962065e+00    1.06967167e-03
   1.40000000e+00    0.00000000e+00    2.69981947e+00    2.85808742e-04    5.05884080e+01    8.32098861e-03   -2.52844947e+00    1.25541115e-03   -2.52844947e+00    1.25541115e-03    1.52026725e+00    1.58597385e-03
   1.40000000e+00    0.00000000e+00    2.59973875e+00    4.91019931e-04    4.94671442e+01    4.35031346e-03   -2.67716392e+00    6.88950359e-04   -2.67716392e+00    6.88950359e-04    1.22146932e+00    9.11528119e-04
   1.40000000e+00    0.00000000e+00    2.50086750e+00    2.93696297e-04    4.83282612e+01    3.83285823e-03   -2.82868835e+00    4.99525147e-04   -2.82868835e+00    4.99525147e-04    9.21675042e-01    6.30181524e-04
   1.40000000e+00    0.00000000e+00    2.45028817e+00    3.38802275e-04    4.77414007e+01    5.95034244e-03   -2.90678322e+00    8.19366522e-04   -2.90678322e+00    8.19366522e-04    7.67730150e-01    1.25702659e-03
   1.40000000e+00    0.00000000e+00    2.40028338e+00    4.14088193e-04    4.71584157e+01    7.37046445e-03   -2.98436980e+00    1.03326078e-03   -2.98436980e+00    1.03326078e-03    6.15155125e-01    1.52261915e-03
   1.40000000e+00    0.00000000e+00    2.35014453e+00    6.46029296e-04    4.65746345e+01    6.24899354e-03   -3.06193737e+00    7.44765941e-04   -3.06193737e+00    7.44765941e-04    4.62398123e-01    1.61547907e-03
   1.40000000e+00    0.00000000e+00    2.30025973e+00    8.73517423e-05    4.59854767e+01    1.85269430e-03   -3.14036900e+00    3.51084399e-04   -3.14036900e+00    3.51084399e-04    3.09157997e-01    4.80302610e-04
   1.40000000e+00    0.00000000e+00    2.25012235e+00    1.96257771e-04    4.53855290e+01    9.88532089e-03   -3.22029158e+00    1.41227717e-03   -3.22029158e+00    1.41227717e-03    1.54048172e-01    1.69376910e-03
   1.40000000e+00    0.00000000e+00    2.19985423e+00    2.99088569e-04    4.47791670e+01    4.87496564e-03   -3.30119080e+00    7.19517540e-04   -3.30119080e+00    7.19517540e-04   -2.23442573e-03    7.83203527e-04
   1.40000000e+00    0.00000000e+00    2.14999085e+00    2.72316218e-04    4.41741258e+01    5.33410941e-03   -3.38186613e+00    7.64853170e-04   -3.38186613e+00    7.64853170e-04   -1.57686100e-01    1.14701190e-03
   1.40000000e+00    0.00000000e+00    2.10004028e+00    3.08219186e-04    4.35690165e+01    5.01451187e-03   -3.46247775e+00    7.70721845e-04   -3.46247775e+00    7.70721845e-04   -3.13204855e-01    9.80478969e-04
   1.40000000e+00    0.00000000e+00    2.07986567e+00    3.46973654e-04    4.33146838e+01    6.68273894e-03   -3.49646790e+00    1.04214859e-03   -3.49646790e+00    1.04214859e-03   -3.77449353e-01    1.12827005e-03
   1.40000000e+00    0.00000000e+00    2.06006202e+00    2.46548772e-04    4.30711075e+01    1.64617094e-03   -3.52906590e+00    2.55608157e-04   -3.52906590e+00    2.55608157e-04   -4.39745368e-01    1.19137017e-04
   1.40000000e+00    0.00000000e+00    2.05020405e+00    3.27838989e-04    4.29553695e+01    4.47731312e-03   -3.54436532e+00    7.11038981e-04   -3.54436532e+00    7.11038981e-04   -4.69828105e-01    5.76884614e-04
   1.40000000e+00    0.00000000e+00    2.03970368e+00    4.40440588e-04    4.28247840e+01    4.56335496e-03   -3.56187390e+00    6.43976269e-04   -3.56187390e+00    6.43976269e-04   -5.03083292e-01    9.60382111e-04
   1.40000000e+00    0.00000000e+00    2.01997040e+00    3.79062027e-04    4.25753012e+01    5.64952194e-03   -3.59513490e+00    7.82618902e-04   -3.59513490e+00    7.82618902e-04   -5.65936755e-01    1.32246818e-03
   1.40000000e+00    0.00000000e+00    1.99952788e+00    3.02941342e-04    4.23209750e+01    6.84697499e-03   -3.62913210e+00    1.00391426e-03   -3.62913210e+00    1.00391426e-03   -6.30590123e-01    1.26693072e-03
   1.40000000e+00    0.00000000e+00    1.97992675e+00    2.99833441e-04    4.20745425e+01    1.16714556e-03   -3.66207052e+00    2.28288582e-04   -3.66207052e+00    2.28288582e-04   -6.92922857e-01    2.53084472e-04
   1.40000000e+00    0.00000000e+00    1.96021350e+00    4.58591719e-04    4.18290722e+01    1.15563032e-02   -3.69482487e+00    1.60626357e-03   -3.69482487e+00    1.60626357e-03   -7.55239723e-01    2.17404521e-03
   1.40000000e+00    0.00000000e+00    1.94998968e+00    3.70453427e-04    4.17007305e+01    5.43535452e-03   -3.71199832e+00    7.80495597e-04   -3.71199832e+00    7.80495597e-04   -7.87745053e-01    1.29905466e-03
   1.40000000e+00    0.00000000e+00    1.94026737e+00    3.49817712e-04    4.15731615e+01    7.64912023e-03   -3.72913052e+00    1.15150733e-03   -3.72913052e+00    1.15150733e-03   -8.19457082e-01    1.35894804e-03
   1.40000000e+00    0.00000000e+00    1.91979127e+00    5.04732208e-04    4.13212913e+01    1.36730968e-02   -3.76268555e+00    1.97501240e-03   -3.76268555e+00    1.97501240e-03   -8.83718575e-01    2.65681540e-03
   1.40000000e+00    0.00000000e+00    1.89978190e+00    1.29996327e-04    4.10636200e+01    6.54629494e-03   -3.79716095e+00    9.71815470e-04   -3.79716095e+00    9.71815470e-04   -9.48200505e-01    1.13409187e-03
   1.40000000e+00    0.00000000e+00    1.87986265e+00    2.63915237e-04    4.08132908e+01    5.52016596e-03   -3.83061937e+00    8.20211751e-04   -3.83061937e+00    8.20211751e-04   -1.01153033e+00    6.73349005e-04
   1.40000000e+00    0.00000000e+00    1.86021433e+00    6.31067316e-04    4.05586557e+01    6.77645163e-03   -3.86466240e+00    8.83214897e-04   -3.86466240e+00    8.83214897e-04   -1.07503847e+00    1.78531922e-03
   1.40000000e+00    0.00000000e+00    1.84992405e+00    2.40319542e-04    4.04301617e+01    3.04373803e-03   -3.88180548e+00    4.87995171e-04   -3.88180548e+00    4.87995171e-04   -1.10761312e+00    6.75761772e-04
   1.40000000e+00    0.00000000e+00    1.84026970e+00    3.53026890e-04    4.03040935e+01    2.11789831e-03   -3.89874908e+00    2.74194086e-04   -3.89874908e+00    2.74194086e-04   -1.13903467e+00    5.19426796e-04
   1.40000000e+00    0.00000000e+00    1.81949720e+00    2.18180281e-04    4.00408300e+01    3.06005776e-03   -3.93400235e+00    4.77384732e-04   -3.93400235e+00    4.77384732e-04   -1.20543885e+00    4.48922045e-04
   1.40000000e+00    0.00000000e+00    1.80019197e+00    2.79861523e-04    3.97872070e+01    5.33698501e-03   -3.96790282e+00    7.69135870e-04   -3.96790282e+00    7.69135870e-04   -1.26828995e+00    1.10269544e-03
   1.40000000e+00    0.00000000e+00    1.77984975e+00    1.92100566e-04    3.95240212e+01    6.52714506e-03   -4.00307190e+00    9.79456035e-04   -4.00307190e+00    9.79456035e-04   -1.33396475e+00    1.25118032e-03
   1.40000000e+00    0.00000000e+00    1.76001330e+00    2.60967211e-04    3.92641993e+01    7.24146116e-03   -4.03785617e+00    1.08346656e-03   -4.03785617e+00    1.08346656e-03   -1.39849622e+00    1.28996909e-03
   1.40000000e+00    0.00000000e+00    1.75017577e+00    3.70929484e-04    3.91417517e+01    8.15751796e-03   -4.05422865e+00    1.17112670e-03   -4.05422865e+00    1.17112670e-03   -1.42962130e+00    1.25854954e-03
   1.40000000e+00    0.00000000e+00    1.74053395e+00    1.83030728e-04    3.90050935e+01    1.94617734e-03   -4.07261990e+00    2.85450845e-04   -4.07261990e+00    2.85450845e-04   -1.46247170e+00    3.23222810e-04
   1.40000000e+00    0.00000000e+00    1.72010715e+00    4.32070958e-04    3.87437205e+01    1.43563723e-02   -4.10749967e+00    2.00112636e-03   -4.10749967e+00    2.00112636e-03   -1.52798400e+00    2.64581207e-03
   1.40000000e+00    0.00000000e+00    1.70009620e+00    3.53311527e-04    3.84802220e+01    5.91418004e-03   -4.14290155e+00    9.55562328e-04   -4.14290155e+00    9.55562328e-04   -1.59339478e+00    1.13176666e-03
   1.40000000e+00    0.00000000e+00    1.68014625e+00    9.39314245e-05    3.82150508e+01    4.66676641e-03   -4.17833500e+00    6.58375186e-04   -4.17833500e+00    6.58375186e-04   -1.65874570e+00    7.26047922e-04
   1.40000000e+00    0.00000000e+00    1.66022038e+00    3.14463284e-04    3.79489742e+01    4.26940917e-03   -4.21404165e+00    5.40651392e-04   -4.21404165e+00    5.40651392e-04   -1.72433370e+00    8.09318914e-04
   1.40000000e+00    0.00000000e+00    1.63993632e+00    2.39905131e-04    3.76801027e+01    5.95840526e-03   -4.25007925e+00    7.43538783e-04   -4.25007925e+00    7.43538783e-04   -1.79078975e+00    9.98349910e-04
   1.40000000e+00    0.00000000e+00    1.61982282e+00    2.84322417e-04    3.74111995e+01    7.16058100e-03   -4.28610928e+00    1.15110381e-03   -4.28610928e+00    1.15110381e-03   -1.85698247e+00    1.32384281e-03
   1.40000000e+00    0.00000000e+00    1.59980650e+00    2.58618706e-04    3.71464215e+01    2.94535876e-03   -4.32148495e+00    5.49660770e-04   -4.32148495e+00    5.49660770e-04   -1.92237513e+00    4.81024565e-04
   1.40000000e+00    0.00000000e+00    1.57991433e+00    4.50317651e-04    3.68811550e+01    8.62277510e-03   -4.35709083e+00    1.26551300e-03   -4.35709083e+00    1.26551300e-03   -1.98781185e+00    1.70627045e-03
   1.40000000e+00    0.00000000e+00    1.55985438e+00    2.39586137e-04    3.65988305e+01    8.72594426e-03   -4.39505218e+00    1.23040372e-03   -4.39505218e+00    1.23040372e-03   -2.05585553e+00    1.39691584e-03
   1.40000000e+00    0.00000000e+00    1.54007865e+00    2.44372344e-04    3.63320827e+01    5.25927155e-03   -4.43078713e+00    7.46542518e-04   -4.43078713e+00    7.46542518e-04   -2.12124665e+00    1.00433983e-03
   1.40000000e+00    0.00000000e+00    1.52007380e+00    3.32180847e-04    3.60551985e+01    1.26388808e-02   -4.46810752e+00    1.76644638e-03   -4.46810752e+00    1.76644638e-03   -2.18856688e+00    2.21358796e-03
   1.40000000e+00    0.00000000e+00    1.49989435e+00    2.85938547e-04    3.57793510e+01    2.99976524e-03   -4.50496220e+00    5.44358370e-04   -4.50496220e+00    5.44358370e-04   -2.25568315e+00    7.52087104e-04
   1.40000000e+00    0.00000000e+00    1.49036367e+00    1.83698753e-04    3.56403110e+01    4.29271621e-03   -4.52385707e+00    6.38214237e-04   -4.52385707e+00    6.38214237e-04   -2.28887047e+00    4.58966215e-04
   1.40000000e+00    0.00000000e+00    1.47986520e+00    2.01572555e-04    3.55074960e+01    4.36993066e-03   -4.54164962e+00    6.42726203e-04   -4.54164962e+00    6.42726203e-04   -2.32240673e+00    7.33654044e-04
   1.40000000e+00    0.00000000e+00    1.46972640e+00    1.27168176e-04    3.53627052e+01    5.34189229e-03   -4.56102838e+00    8.59925800e-04   -4.56102838e+00    8.59925800e-04   -2.35698997e+00    7.66810085e-04
   1.40000000e+00    0.00000000e+00    1.45995415e+00    3.66047377e-04    3.52270670e+01    1.01244076e-02   -4.57912390e+00    1.48731169e-03   -4.57912390e+00    1.48731169e-03   -2.38974012e+00    1.74309716e-03
   1.40000000e+00    0.00000000e+00    1.44998213e+00    3.11477627e-04    3.50913187e+01    6.64421806e-03   -4.59749690e+00    9.78600968e-04   -4.59749690e+00    9.78600968e-04   -2.42306747e+00    1.09022935e-03
   1.40000000e+00    0.00000000e+00    1.44005902e+00    3.35971296e-04    3.49496615e+01    1.29551467e-02   -4.61657568e+00    1.84611175e-03   -4.61657568e+00    1.84611175e-03   -2.45702717e+00    2.26151068e-03
   1.40000000e+00    0.00000000e+00    1.43009257e+00    1.60358604e-04    3.48087958e+01    8.16742660e-03   -4.63550707e+00    1.21298586e-03   -4.63550707e+00    1.21298586e-03   -2.49090450e+00    1.16218650e-03
   1.40000000e+00    0.00000000e+00    1.41974945e+00    2.08355627e-04    3.46677220e+01    4.35087767e-03   -4.65433057e+00    5.28130947e-04   -4.65433057e+00    5.28130947e-04   -2.52523885e+00    8.33457919e-04
   1.40000000e+00    0.00000000e+00    1.40970165e+00    2.06551791e-04    3.45297170e+01    8.43952199e-03   -4.67279620e+00    1.24761218e-03   -4.67279620e+00    1.24761218e-03   -2.55877238e+00    1.33082025e-03
   1.40000000e+00    0.00000000e+00    1.39992738e+00    1.30561793e-04    3.43841027e+01    1.14201025e-02   -4.69255180e+00    1.60446394e-03   -4.69255180e+00    1.60446394e-03   -2.59318573e+00    1.56247779e-03
   1.40000000e+00    0.00000000e+00    1.39009463e+00    1.90528362e-04    3.42396675e+01    1.27316288e-02   -4.71205418e+00    1.90717756e-03   -4.71205418e+00    1.90717756e-03   -2.62743352e+00    2.15375026e-03
   1.40000000e+00    0.00000000e+00    1.38010545e+00    1.42855758e-04    3.41078187e+01    8.88663731e-03   -4.72964107e+00    1.32093497e-03   -4.72964107e+00    1.32093497e-03   -2.66000042e+00    1.27973518e-03
   1.40000000e+00    0.00000000e+00    1.36991070e+00    1.80257857e-04    3.39697722e+01    1.06938438e-02   -4.74820610e+00    1.68563775e-03   -4.74820610e+00    1.68563775e-03   -2.69385378e+00    1.90781461e-03
   1.40000000e+00    0.00000000e+00    1.36008883e+00    3.83478111e-04    3.38183045e+01    9.43002655e-03   -4.76867645e+00    1.35109401e-03   -4.76867645e+00    1.35109401e-03   -2.72905325e+00    1.80934834e-03
   1.40000000e+00    0.00000000e+00    1.34969107e+00    1.44212974e-04    3.36789812e+01    7.92205227e-03   -4.78716393e+00    1.17389615e-03   -4.78716393e+00    1.17389615e-03   -2.76313345e+00    1.35788690e-03
   1.40000000e+00    0.00000000e+00    1.34016157e+00    3.62885522e-04    3.35386102e+01    1.40704582e-02   -4.80613877e+00    1.96852349e-03   -4.80613877e+00    1.96852349e-03   -2.79639895e+00    2.49214058e-03
   1.40000000e+00    0.00000000e+00    1.33032423e+00    1.05625740e-04    3.34027977e+01    3.84683444e-03   -4.82435688e+00    5.11894854e-04   -4.82435688e+00    5.11894854e-04   -2.82936945e+00    5.15843903e-04
   1.40000000e+00    0.00000000e+00    1.31999590e+00    2.44960282e-04    3.32480240e+01    7.13200957e-03   -4.84554092e+00    1.03507233e-03   -4.84554092e+00    1.03507233e-03   -2.86604205e+00    1.25033249e-03
   1.40000000e+00    0.00000000e+00    1.31010255e+00    2.90870714e-04    3.31001040e+01    1.80371447e-02   -4.86530265e+00    2.65190267e-03   -4.86530265e+00    2.65190267e-03   -2.90064008e+00    2.45134536e-03
   1.40000000e+00    0.00000000e+00    1.30010745e+00    2.33359599e-04    3.29613545e+01    1.11808258e-02   -4.88388128e+00    1.57164075e-03   -4.88388128e+00    1.57164075e-03   -2.93420762e+00    1.46058994e-03
   1.40000000e+00    0.00000000e+00    1.28996582e+00    1.72481062e-04    3.28147797e+01    1.00573587e-02   -4.90354985e+00    1.28246196e-03   -4.90354985e+00    1.28246196e-03   -2.96908488e+00    1.36509135e-03
   1.40000000e+00    0.00000000e+00    1.27986938e+00    2.99727763e-04    3.26788977e+01    4.59920511e-03   -4.92173368e+00    6.53425785e-04   -4.92173368e+00    6.53425785e-04   -3.00240953e+00    9.45134597e-04
   1.40000000e+00    0.00000000e+00    1.27009675e+00    1.19908767e-04    3.25449073e+01    1.09221779e-02   -4.93988270e+00    1.55976276e-03   -4.93988270e+00    1.55976276e-03   -3.03521385e+00    1.50829983e-03
   1.40000000e+00    0.00000000e+00    1.25996335e+00    1.45947431e-04    3.23827115e+01    9.61208116e-03   -4.96183615e+00    1.36804304e-03   -4.96183615e+00    1.36804304e-03   -3.07236362e+00    1.19162574e-03
   1.40000000e+00    0.00000000e+00    1.25018425e+00    2.00184196e-04    3.22375943e+01    1.55154208e-02   -4.98130087e+00    2.32788081e-03   -4.98130087e+00    2.32788081e-03   -3.10649332e+00    2.56726533e-03
   1.40000000e+00    0.00000000e+00    1.24022262e+00    2.53285130e-04    3.20992305e+01    1.41506470e-02   -5.00016382e+00    2.02074231e-03   -5.00016382e+00    2.02074231e-03   -3.14029493e+00    2.24112628e-03
   1.40000000e+00    0.00000000e+00    1.23016600e+00    2.92649979e-04    3.19393725e+01    5.05090004e-03   -5.02150760e+00    6.96593651e-04   -5.02150760e+00    6.96593651e-04   -3.17671985e+00    3.09700811e-04
   1.40000000e+00    0.00000000e+00    1.22006373e+00    1.42666611e-04    3.17994673e+01    3.12067167e-03   -5.04043067e+00    5.34605604e-04   -5.04043067e+00    5.34605604e-04   -3.21079262e+00    6.75199339e-04
   1.40000000e+00    0.00000000e+00    1.21006232e+00    1.37902853e-04    3.16447795e+01    4.79248122e-03   -5.06132100e+00    6.90590642e-04   -5.06132100e+00    6.90590642e-04   -3.24668128e+00    6.65643652e-04
   1.40000000e+00    0.00000000e+00    1.19996545e+00    9.20876892e-05    3.14993745e+01    7.63302091e-03   -5.08087552e+00    1.06663507e-03   -5.08087552e+00    1.06663507e-03   -3.28137735e+00    9.54035813e-04
   1.40000000e+00    0.00000000e+00    1.19006320e+00    8.65470103e-05    3.13482743e+01    3.29961038e-03   -5.10135008e+00    5.07290589e-04   -5.10135008e+00    5.07290589e-04   -3.31670155e+00    6.03815475e-04
   1.40000000e+00    0.00000000e+00    1.18002525e+00    9.77508184e-05    3.12056720e+01    5.54237327e-03   -5.12052212e+00    7.60489728e-04   -5.12052212e+00    7.60489728e-04   -3.35092680e+00    8.33621884e-04
   1.40000000e+00    0.00000000e+00    1.17006050e+00    1.46344815e-04    3.10469210e+01    6.70774332e-03   -5.14201165e+00    1.03800912e-03   -5.14201165e+00    1.03800912e-03   -3.38735970e+00    1.11684667e-03
   1.40000000e+00    0.00000000e+00    1.15996775e+00    1.04066962e-04    3.08948335e+01    9.21172499e-03   -5.16266275e+00    1.37168253e-03   -5.16266275e+00    1.37168253e-03   -3.42314613e+00    1.49969900e-03
   1.40000000e+00    0.00000000e+00    1.14993002e+00    6.56893209e-05    3.07523495e+01    1.23889599e-02   -5.18160852e+00    1.77489640e-03   -5.18160852e+00    1.77489640e-03   -3.45714473e+00    1.76461827e-03
   1.40000000e+00    0.00000000e+00    1.13987703e+00    5.40658106e-05    3.06010537e+01    1.32924163e-02   -5.20204185e+00    1.87968023e-03   -5.20204185e+00    1.87968023e-03   -3.49265375e+00    1.94206315e-03
   1.40000000e+00    0.00000000e+00    1.13006920e+00    4.72412426e-05    3.04554660e+01    1.26332002e-02   -5.22164917e+00    1.80292198e-03   -5.22164917e+00    1.80292198e-03   -3.52696912e+00    1.82048184e-03
   1.40000000e+00    0.00000000e+00    1.12012088e+00    1.52010598e-04    3.02850475e+01    3.86846381e-03   -5.24493208e+00    5.85695294e-04   -5.24493208e+00    5.85695294e-04   -3.56517080e+00    7.58296739e-04
   1.40000000e+00    0.00000000e+00    1.11002970e+00    7.76813041e-05    3.01459740e+01    1.10451553e-02   -5.26362918e+00    1.71618754e-03   -5.26362918e+00    1.71618754e-03   -3.59900093e+00    1.72680632e-03
   1.40000000e+00    0.00000000e+00    1.09989582e+00    1.50958014e-04    2.99911208e+01    1.57090006e-02   -5.28443647e+00    2.29875443e-03   -5.28443647e+00    2.29875443e-03   -3.63500517e+00    2.07551313e-03
   1.40000000e+00    0.00000000e+00    1.08993012e+00    1.54608237e-04    2.98388128e+01    5.57815845e-03   -5.30506572e+00    8.04976215e-04   -5.30506572e+00    8.04976215e-04   -3.67057923e+00    7.85240620e-04
   1.40000000e+00    0.00000000e+00    1.08001120e+00    1.62077898e-04    2.96754960e+01    1.14638676e-02   -5.32735292e+00    1.77465543e-03   -5.32735292e+00    1.77465543e-03   -3.70774117e+00    1.58074435e-03
   1.40000000e+00    0.00000000e+00    1.06988978e+00    1.07998134e-04    2.95319635e+01    4.78369379e-03   -5.34646210e+00    7.13655393e-04   -5.34646210e+00    7.13655393e-04   -3.74202865e+00    8.15458615e-04
   1.40000000e+00    0.00000000e+00    1.05992993e+00    1.09504141e-04    2.93728537e+01    2.86168695e-03   -5.36812490e+00    3.51551284e-04   -5.36812490e+00    3.51551284e-04   -3.77862753e+00    4.79983684e-04
   1.40000000e+00    0.00000000e+00    1.05001152e+00    1.65378964e-04    2.92200215e+01    5.19791182e-03   -5.38878425e+00    8.42770344e-04   -5.38878425e+00    8.42770344e-04   -3.81416065e+00    6.75185221e-04
   1.40000000e+00    0.00000000e+00    1.03987443e+00    1.86394627e-04    2.90648257e+01    1.95906449e-03   -5.40967645e+00    2.52090366e-04   -5.40967645e+00    2.52090366e-04   -3.85025470e+00    3.79742854e-04
   1.40000000e+00    0.00000000e+00    1.03001085e+00    5.57814261e-05    2.89047200e+01    6.86528947e-03   -5.43142505e+00    9.62515835e-04   -5.43142505e+00    9.62515835e-04   -3.88679505e+00    9.45695409e-04
   1.40000000e+00    0.00000000e+00    1.02005290e+00    1.84423765e-04    2.87492035e+01    9.53367061e-03   -5.45255510e+00    1.45820155e-03   -5.45255510e+00    1.45820155e-03   -3.92285822e+00    1.50626037e-03
   1.40000000e+00    0.00000000e+00    1.00997427e+00    5.62312802e-05    2.85871597e+01    4.53340922e-03   -5.47445460e+00    6.54662902e-04   -5.47445460e+00    6.54662902e-04   -3.95987193e+00    5.83922638e-04
   1.40000000e+00    0.00000000e+00    1.00004077e+00    1.38189378e-04    2.84304587e+01    1.07676171e-02   -5.49571098e+00    1.55118032e-03   -5.49571098e+00    1.55118032e-03   -3.99602488e+00    1.74106178e-03
   1.40000000e+00    0.00000000e+00    9.89954978e-01    9.09445937e-05    2.82682440e+01    6.59647637e-03   -5.51768183e+00    1.09564644e-03   -5.51768183e+00    1.09564644e-03   -4.03312060e+00    1.11224778e-03
   1.40000000e+00    0.00000000e+00    9.79991330e-01    7.15988565e-05    2.81104388e+01    9.38455362e-03   -5.53920970e+00    1.46791814e-03   -5.53920970e+00    1.46791814e-03   -4.06959018e+00    1.54273731e-03
   1.40000000e+00    0.00000000e+00    9.69973605e-01    1.87730584e-04    2.79511433e+01    3.00845944e-03   -5.56066565e+00    4.37046591e-04   -5.56066565e+00    4.37046591e-04   -4.10606897e+00    5.48670641e-04
   1.40000000e+00    0.00000000e+00    9.60083900e-01    7.41797981e-05    2.77965267e+01    1.94451774e-02   -5.58133193e+00    2.96962960e-03   -5.58133193e+00    2.96962960e-03   -4.14156610e+00    2.96835287e-03
   1.40000000e+00    0.00000000e+00    9.49864353e-01    7.71074803e-05    2.76439657e+01    1.10271442e-02   -5.60199073e+00    1.56668516e-03   -5.60199073e+00    1.56668516e-03   -4.17755038e+00    1.65730223e-03
   1.40000000e+00    0.00000000e+00    9.39948273e-01    2.45373016e-05    2.74851047e+01    2.56825366e-02   -5.62377038e+00    3.92299557e-03   -5.62377038e+00    3.92299557e-03   -4.21420048e+00    3.94124548e-03
   1.40000000e+00    0.00000000e+00    9.29953920e-01    1.84414457e-04    2.73127758e+01    1.98103814e-02   -5.64698262e+00    3.15376414e-03   -5.64698262e+00    3.15376414e-03   -4.25240047e+00    3.22952959e-03
   1.40000000e+00    0.00000000e+00    9.19984623e-01    9.38767914e-05    2.71675773e+01    1.88997412e-02   -5.66666422e+00    3.12284668e-03   -5.66666422e+00    3.12284668e-03   -4.28703225e+00    3.10472365e-03
   1.40000000e+00    0.00000000e+00    9.09948118e-01    4.25258359e-05    2.69699480e+01    1.70491926e-02   -5.69377275e+00    2.19403780e-03   -5.69377275e+00    2.19403780e-03   -4.32919180e+00    2.25356104e-03
