   3.41000000e-01    1.39642400e-02    1.35020425e+00    6.22311898e-03    2.00000000e+00
   3.49000000e-01    1.17898261e-02    1.35471327e+00    2.79215427e-03    2.00000000e+00
   3.65000000e-01    2.02731349e-02    1.35846198e+00    9.16990432e-04    2.00000000e+00
   3.72000000e-01    6.32455532e-03    1.36015502e+00    4.50034512e-04    2.00000000e+00
   3.51000000e-01    1.58429795e-02    1.36252182e+00    3.62011196e-03    2.00000000e+00
   3.75000000e-01    2.04694895e-02    1.36084807e+00    4.15952110e-03    2.00000000e+00
   3.79000000e-01    3.09030743e-02    1.37028463e+00    3.81275087e-03    2.00000000e+00
   3.84000000e-01    1.85472370e-02    1.36807155e+00    3.66345594e-03    2.00000000e+00
   4.09000000e-01    4.35889894e-03    1.37573707e+00    4.69047643e-03    2.00000000e+00
   4.08000000e-01    1.16619038e-02    1.37409625e+00    2.76767531e-03    2.00000000e+00
   4.22000000e-01    1.53622915e-02    1.37687035e+00    2.52044300e-03    2.00000000e+00
   4.17000000e-01    1.98746069e-02    1.38828930e+00    3.10463087e-03    2.00000000e+00
   4.53000000e-01    1.14455231e-02    1.38505697e+00    3.02120858e-03    2.00000000e+00
   4.38000000e-01    2.37486842e-02    1.38948605e+00    2.03687128e-03    2.00000000e+00
   4.57000000e-01    1.17898261e-02    1.39618953e+00    5.00285933e-03    2.00000000e+00
   4.52000000e-01    2.54558441e-02    1.39802410e+00    2.02887255e-03    2.00000000e+00
   4.75000000e-01    2.74772633e-02    1.40883175e+00    5.84806516e-03    2.00000000e+00
   4.98000000e-01    1.82208672e-02    1.40487858e+00    4.21326962e-03    2.00000000e+00
   4.80000000e-01    1.85472370e-02    1.41036722e+00    6.37534581e-03    2.00000000e+00
   5.01000000e-01    1.98746069e-02    1.41653128e+00    3.15748874e-03    2.00000000e+00
   5.15000000e-01    1.65831240e-02    1.42045945e+00    5.67077790e-03    2.00000000e+00
   5.52000000e-01    1.81107703e-02    1.42521445e+00    1.78302922e-03    2.00000000e+00
   5.79000000e-01    4.71062629e-02    1.43434725e+00    2.58244226e-03    2.00000000e+00
   6.33000000e-01    3.10322413e-02    1.43974743e+00    4.96691338e-03    2.00000000e+00
   6.39000000e-01    2.65894716e-02    1.44372575e+00    6.58095565e-03    2.00000000e+00
   6.68750000e-01    3.99022242e-02    1.45136837e+00    6.70655463e-03    2.00000000e+00
   6.57500000e-01    1.60078106e-02    1.45624725e+00    3.48845274e-03    2.00000000e+00
   7.11250000e-01    4.02142699e-02    1.46444528e+00    2.71742242e-03    2.00000000e+00
   7.61250000e-01    3.36108241e-02    1.47683293e+00    3.57287415e-03    2.00000000e+00
   7.81250000e-01    3.48882143e-02    1.48254285e+00    3.97926287e-03    2.00000000e+00
   8.52500000e-01    6.56220237e-02    1.49451445e+00    3.80756803e-03    2.00000000e+00
   8.82500000e-01    4.19076365e-02    1.49873762e+00    6.55647108e-03    2.00000000e+00
   9.51250000e-01    3.06950729e-02    1.51457143e+00    6.70841432e-03    2.00000000e+00
   8.96250000e-01    3.41641259e-02    1.51992365e+00    4.73032810e-03    2.00000000e+00
   9.51250000e-01    4.42118480e-02    1.51964477e+00    3.61380591e-03    2.00000000e+00
   1.05125000e+00    5.47008912e-02    1.52051702e+00    7.10702037e-03    2.00000000e+00
   1.00750000e+00    6.18970920e-02    1.51960688e+00    4.22120004e-03    2.00000000e+00
   9.97500000e-01    5.11737237e-02    1.52532842e+00    4.56816369e-03    2.00000000e+00
   9.58750000e-01    3.47086084e-02    1.51893612e+00    4.67486658e-03    2.00000000e+00
   9.86250000e-01    3.57727201e-02    1.53661455e+00    8.05076429e-03    2.00000000e+00
   9.46250000e-01    8.85561263e-02    1.51957973e+00    5.15402299e-03    2.00000000e+00
   9.60000000e-01    1.00124922e-01    1.52869125e+00    7.26918327e-03    2.00000000e+00
   1.04750000e+00    4.30842198e-02    1.53480645e+00    6.11824395e-03    2.00000000e+00
   1.00000000e+00    6.35413251e-02    1.52976942e+00    3.85231533e-03    2.00000000e+00
   1.11000000e+00    5.75543222e-02    1.53553010e+00    1.09011663e-02    2.00000000e+00
   1.06375000e+00    4.09839908e-02    1.54194060e+00    6.00453872e-03    2.00000000e+00
   1.05875000e+00    8.12692285e-02    1.53885342e+00    9.24424500e-03    2.00000000e+00
   1.16500000e+00    2.95803989e-02    1.54099768e+00    5.32145316e-03    2.00000000e+00
   1.16750000e+00    6.06733055e-02    1.54143768e+00    1.11591044e-02    2.00000000e+00
   1.16875000e+00    4.87820408e-02    1.54929605e+00    2.35479767e-03    2.00000000e+00
   1.19125000e+00    1.08072603e-01    1.55775267e+00    7.16959514e-03    2.00000000e+00
   1.19375000e+00    5.48150299e-02    1.55513505e+00    7.74058014e-03    2.00000000e+00
   1.31625000e+00    5.37790619e-02    1.56531087e+00    8.08652315e-03    2.00000000e+00
   1.22875000e+00    4.95448030e-02    1.55404115e+00    4.95804954e-03    2.00000000e+00
   1.26000000e+00    1.16028014e-01    1.56380280e+00    9.02154311e-03    2.00000000e+00
   1.24375000e+00    4.86537511e-02    1.56434825e+00    8.42899149e-03    2.00000000e+00
   1.34000000e+00    6.31466547e-02    1.57206848e+00    1.00509704e-02    2.00000000e+00
   1.36875000e+00    1.11656560e-01    1.57981387e+00    5.02416403e-03    2.00000000e+00
   1.43625000e+00    5.56074410e-02    1.57425595e+00    4.76845955e-03    2.00000000e+00
   1.44250000e+00    5.32094916e-02    1.59624342e+00    6.08684446e-03    2.00000000e+00
   1.52875000e+00    6.17833918e-02    1.59195120e+00    8.48330580e-03    2.00000000e+00
   1.47125000e+00    9.07176251e-02    1.58842135e+00    7.46011159e-03    2.00000000e+00
   1.53875000e+00    5.42419349e-02    1.59964302e+00    1.82228256e-02    2.00000000e+00
   1.51625000e+00    1.17227077e-01    1.60281353e+00    1.02786574e-02    2.00000000e+00
   1.61000000e+00    2.12955394e-01    1.60976378e+00    1.30437091e-02    2.00000000e+00
   1.69875000e+00    1.64900538e-01    1.61523385e+00    7.02792856e-03    2.00000000e+00
   1.64000000e+00    1.01980390e-01    1.61768307e+00    6.48339472e-03    1.00000000e+00
   1.86000000e+00    6.63324958e-02    1.62386218e+00    7.23845689e-03    1.00000000e+00
   1.80000000e+00    6.32455532e-02    1.62846913e+00    2.51427904e-03    1.00000000e+00
   1.82000000e+00    6.00000000e-02    1.63222142e+00    3.27831095e-03    1.00000000e+00
   2.01000000e+00    1.63401346e-01    1.64435613e+00    4.43687708e-03    1.00000000e+00
   1.85000000e+00    1.30766968e-01    1.63679550e+00    3.48244204e-03    1.00000000e+00
   2.12000000e+00    1.23288280e-01    1.65210953e+00    3.29985187e-03    1.00000000e+00
   2.16000000e+00    1.09544512e-01    1.65661865e+00    3.68376813e-03    1.00000000e+00
   2.17000000e+00    1.07238053e-01    1.66487478e+00    5.27282282e-03    1.00000000e+00
   2.29000000e+00    1.90525589e-01    1.66910282e+00    6.95685845e-03    1.00000000e+00
   2.32000000e+00    1.26491106e-01    1.68031910e+00    1.01524715e-02    1.00000000e+00
   2.47000000e+00    7.68114575e-02    1.68802488e+00    5.65439926e-03    1.00000000e+00
   2.56000000e+00    7.48331477e-02    1.70400745e+00    4.68933663e-03    1.00000000e+00
   2.61000000e+00    8.18535277e-02    1.71043902e+00    6.97569050e-03    1.00000000e+00
   2.76000000e+00    1.01980390e-01    1.71087020e+00    5.74388187e-03    1.00000000e+00
   2.57000000e+00    1.36747943e-01    1.71194720e+00    4.62001350e-03    1.00000000e+00
   3.00000000e+00    1.97989899e-01    1.72785300e+00    7.97281989e-03    1.00000000e+00
   3.06000000e+00    3.31662479e-01    1.73489777e+00    1.20842855e-02    1.00000000e+00
   3.09000000e+00    1.39642400e-01    1.73967250e+00    4.78224490e-03    1.00000000e+00
   3.17000000e+00    2.48797106e-01    1.73931762e+00    5.86228555e-03    1.00000000e+00
   3.36000000e+00    4.89897949e-02    1.75384920e+00    7.32329652e-03    1.00000000e+00
   3.30000000e+00    7.21110255e-02    1.75357827e+00    8.57206581e-03    1.00000000e+00
   3.24000000e+00    2.09761770e-01    1.76063720e+00    9.72451830e-03    1.00000000e+00
   3.60000000e+00    2.99332591e-01    1.76818682e+00    1.00481170e-02    1.00000000e+00
   3.60000000e+00    1.78885438e-01    1.77378352e+00    9.97559197e-03    1.00000000e+00
   3.73000000e+00    3.96358424e-01    1.77738635e+00    1.24661566e-02    1.00000000e+00
   3.77000000e+00    3.68103246e-01    1.78902135e+00    3.95115006e-03    1.00000000e+00
   4.26000000e+00    4.04474968e-01    1.79264225e+00    3.87314204e-03    1.00000000e+00
   4.36000000e+00    2.54558441e-01    1.80253333e+00    2.42321616e-03    1.00000000e+00
   4.30000000e+00    3.00000000e-01    1.81043680e+00    9.42047098e-03    1.00000000e+00
   4.33000000e+00    3.47994253e-01    1.81601982e+00    1.18494491e-02    1.00000000e+00
   4.69000000e+00    3.54823900e-01    1.82101273e+00    1.21371303e-02    1.00000000e+00
   4.89000000e+00    4.01372645e-01    1.83295630e+00    1.64729750e-02    1.00000000e+00
   4.83000000e+00    3.69188299e-01    1.83654075e+00    1.20112430e-02    1.00000000e+00
   5.19000000e+00    5.98247440e-01    1.84902415e+00    2.34169299e-02    1.00000000e+00
   5.26000000e+00    2.77848880e-01    1.84569325e+00    6.99450062e-03    1.00000000e+00
   5.46000000e+00    4.52990066e-01    1.87434690e+00    1.64076115e-02    1.00000000e+00
   5.47000000e+00    2.93087018e-01    1.85363603e+00    1.41968913e-02    1.00000000e+00
   6.07000000e+00    4.65939910e-01    1.88350200e+00    1.74622630e-02    1.00000000e+00
   6.14000000e+00    1.88679623e-01    1.89953435e+00    1.18567723e-02    1.00000000e+00
   6.66000000e+00    3.20624391e-01    1.89752148e+00    1.68333064e-02    1.00000000e+00
   6.86000000e+00    9.45515732e-01    1.89241190e+00    2.77766725e-02    1.00000000e+00
   7.70000000e+00    3.31662479e-01    1.92995558e+00    5.96259258e-03    0.00000000e+00
   7.50000000e+00    3.31662479e-01    1.92689160e+00    3.67011753e-03    0.00000000e+00
   8.40000000e+00    2.82842712e-01    1.94764802e+00    1.12443556e-02    0.00000000e+00
   8.00000000e+00    0.00000000e+00    1.94989148e+00    2.93184089e-03    0.00000000e+00
   8.00000000e+00    0.00000000e+00    1.96213837e+00    9.18671802e-03    0.00000000e+00
   8.00000000e+00    0.00000000e+00    1.96868505e+00    5.86644290e-03    0.00000000e+00
   1.00000000e+01    2.00000000e+00    1.98236915e+00    5.52219428e-03    0.00000000e+00
   1.20000000e+01    0.00000000e+00    1.99542062e+00    5.00567307e-03    0.00000000e+00
   1.20000000e+01    0.00000000e+00    2.01642465e+00    6.40994616e-03    0.00000000e+00
   1.20000000e+01    0.00000000e+00    2.03720017e+00    1.03918051e-02    0.00000000e+00
   1.20000000e+01    0.00000000e+00    2.05105788e+00    3.31517478e-03    0.00000000e+00
   1.20000000e+01    0.00000000e+00    2.06436398e+00    7.55080035e-03    0.00000000e+00
   1.40000000e+01    2.00000000e+00    2.08112302e+00    1.08933341e-02    0.00000000e+00
   1.60000000e+01    0.00000000e+00    2.10731945e+00    7.91110660e-03    0.00000000e+00
   1.60000000e+01    0.00000000e+00    2.12596170e+00    1.17657340e-02    0.00000000e+00
   1.90000000e+01    1.73205081e+00    2.14214078e+00    4.90764088e-03    0.00000000e+00
   2.10000000e+01    1.73205081e+00    2.15960510e+00    5.44166999e-03    0.00000000e+00
   2.20000000e+01    2.00000000e+00    2.19039895e+00    7.28390635e-03    0.00000000e+00
   2.40000000e+01    0.00000000e+00    2.20828010e+00    9.41407139e-03    0.00000000e+00
   2.70000000e+01    1.73205081e+00    2.24184398e+00    5.69931540e-03    0.00000000e+00
   2.90000000e+01    3.31662479e+00    2.26514613e+00    1.31364262e-02    0.00000000e+00
   3.40000000e+01    4.47213595e+00    2.29337798e+00    2.85248325e-02    0.00000000e+00
   4.10000000e+01    1.73205081e+00    2.32443767e+00    1.71632972e-02    0.00000000e+00
   4.40000000e+01    0.00000000e+00    2.36947833e+00    1.04594975e-02    0.00000000e+00
   4.50666667e+01    1.99555061e+00    2.40109837e+00    2.94321442e-02    1.00000000e+00
   5.38000000e+01    3.28024389e+00    2.42107012e+00    5.82270952e-02    1.00000000e+00
   5.68000000e+01    0.00000000e+00    2.44235270e+00    0.00000000e+00    1.00000000e+00
   8.00000000e+01    0.00000000e+00    2.46523863e+00    1.45413941e-02    0.00000000e+00
   8.00000000e+01    0.00000000e+00    2.51029865e+00    1.80517101e-02    0.00000000e+00
   1.10000000e+02    1.73205081e+01    2.51987928e+00    1.55454364e-02    0.00000000e+00
   1.20000000e+02    0.00000000e+00    2.56496757e+00    2.21123756e-02    0.00000000e+00
   1.40000000e+02    2.00000000e+01    2.59686657e+00    1.97686758e-02    0.00000000e+00
   1.60000000e+02    0.00000000e+00    2.65001433e+00    3.06887074e-02    0.00000000e+00
   2.00000000e+02    0.00000000e+00    2.67400905e+00    1.05138012e-02    0.00000000e+00
   2.50000000e+02    1.73205081e+01    2.70750788e+00    2.53631496e-02    0.00000000e+00
   3.20000000e+02    0.00000000e+00    2.77011580e+00    3.01758916e-02    0.00000000e+00
   3.90000000e+02    7.14142843e+01    2.81701252e+00    4.05828679e-02    0.00000000e+00
   4.70000000e+02    8.18535277e+01    2.84848540e+00    6.25094783e-02    0.00000000e+00
   5.80000000e+02    8.24621125e+01    2.90804818e+00    2.89488063e-02    0.00000000e+00
   7.80000000e+02    1.14891253e+02    2.96669215e+00    7.65446263e-02    0.00000000e+00
