   3.92629030e-01    1.36855377e-03    2.00000000e-01    0.00000000e+00
   4.02601125e-01    1.53203081e-03    2.00000000e-01    0.00000000e+00
   4.10195342e-01    1.32103091e-03    2.00000000e-01    0.00000000e+00
   4.23331739e-01    1.77688316e-03    2.00000000e-01    0.00000000e+00
   4.34516181e-01    2.86365525e-03    2.00000000e-01    0.00000000e+00
   4.45830325e-01    3.57755095e-03    2.00000000e-01    0.00000000e+00
   4.58489396e-01    1.78854633e-03    2.00000000e-01    0.00000000e+00
   4.70969305e-01    4.22756622e-03    2.00000000e-01    0.00000000e+00
   4.89733214e-01    2.37138437e-03    2.00000000e-01    0.00000000e+00
   5.04626331e-01    3.40780978e-03    2.00000000e-01    0.00000000e+00
   5.22361027e-01    1.99639375e-03    2.00000000e-01    0.00000000e+00
   5.37837620e-01    5.35614295e-03    2.00000000e-01    0.00000000e+00
   5.54398556e-01    1.17749944e-03    2.00000000e-01    0.00000000e+00
   5.83171387e-01    4.92548978e-03    2.00000000e-01    0.00000000e+00
   6.01186970e-01    3.09024164e-03    2.00000000e-01    0.00000000e+00
   6.24990533e-01    5.89423409e-03    2.00000000e-01    0.00000000e+00
   6.51903952e-01    5.66267290e-03    2.00000000e-01    0.00000000e+00
   6.76633577e-01    7.22733461e-03    2.00000000e-01    0.00000000e+00
   7.05638815e-01    5.68293495e-03    2.00000000e-01    0.00000000e+00
   7.42934740e-01    4.68545144e-03    2.00000000e-01    0.00000000e+00
   7.87254134e-01    1.71756021e-03    2.00000000e-01    0.00000000e+00
   8.20806248e-01    6.99938681e-03    2.00000000e-01    0.00000000e+00
   8.73564203e-01    7.85061033e-03    2.00000000e-01    0.00000000e+00
   9.21330350e-01    1.14751880e-02    2.00000000e-01    0.00000000e+00
   9.85873058e-01    1.25582243e-02    2.00000000e-01    0.00000000e+00
   1.03161288e+00    1.14083619e-02    2.00000000e-01    0.00000000e+00
   1.11321644e+00    8.13633830e-03    2.00000000e-01    0.00000000e+00
   1.19381513e+00    8.49542099e-03    2.00000000e-01    0.00000000e+00
   1.28298647e+00    1.02610841e-02    2.00000000e-01    0.00000000e+00
   1.39424378e+00    2.84566100e-02    2.00000000e-01    0.00000000e+00
   1.55725958e+00    3.27702888e-02    2.00000000e-01    0.00000000e+00
   1.72481179e+00    3.60831921e-02    2.00000000e-01    0.00000000e+00
   1.88320305e+00    2.81003221e-02    2.00000000e-01    0.00000000e+00
   1.93089711e+00    4.83418972e-02    2.00000000e-01    0.00000000e+00
   1.95812555e+00    4.14480278e-02    2.00000000e-01    0.00000000e+00
   1.95609369e+00    4.44315253e-02    2.00000000e-01    0.00000000e+00
   1.98269989e+00    2.00244624e-02    2.00000000e-01    0.00000000e+00
   2.03044748e+00    1.63111022e-02    2.00000000e-01    0.00000000e+00
   2.03856816e+00    3.45848471e-02    2.00000000e-01    0.00000000e+00
   2.07316876e+00    2.32686584e-02    2.00000000e-01    0.00000000e+00
   2.14243737e+00    5.22119163e-02    2.00000000e-01    0.00000000e+00
   2.15283642e+00    3.98298200e-02    2.00000000e-01    0.00000000e+00
   2.15200465e+00    4.31722256e-02    2.00000000e-01    0.00000000e+00
   2.17413675e+00    4.33975949e-02    2.00000000e-01    0.00000000e+00
   2.27697932e+00    2.94727828e-02    2.00000000e-01    0.00000000e+00
   2.33829338e+00    5.72668790e-02    2.00000000e-01    0.00000000e+00
   2.31825791e+00    2.76943978e-02    2.00000000e-01    0.00000000e+00
   2.42351511e+00    4.62870585e-02    2.00000000e-01    0.00000000e+00
   2.54290104e+00    7.90490178e-02    2.00000000e-01    0.00000000e+00
   2.60031740e+00    2.34753266e-02    2.00000000e-01    0.00000000e+00
   2.71768599e+00    5.02314782e-02    2.00000000e-01    0.00000000e+00
   2.74551273e+00    6.94394663e-02    2.00000000e-01    0.00000000e+00
   2.83678336e+00    9.31596757e-02    2.00000000e-01    0.00000000e+00
   2.91716050e+00    1.03537118e-01    2.00000000e-01    0.00000000e+00
   2.98879631e+00    5.60290753e-02    2.00000000e-01    0.00000000e+00
   3.08708761e+00    1.09595266e-01    2.00000000e-01    0.00000000e+00
   3.23430754e+00    5.79152225e-02    2.00000000e-01    0.00000000e+00
   3.30376961e+00    6.96007928e-02    2.00000000e-01    0.00000000e+00
   3.35330956e+00    1.23773566e-01    2.00000000e-01    0.00000000e+00
   3.61743865e+00    1.35817504e-01    2.00000000e-01    0.00000000e+00
   3.77571084e+00    1.10640499e-01    2.00000000e-01    0.00000000e+00
   3.81910971e+00    1.38660654e-01    2.00000000e-01    0.00000000e+00
   3.97549476e+00    2.29184586e-01    2.00000000e-01    0.00000000e+00
   4.16775711e+00    1.96494936e-01    2.00000000e-01    0.00000000e+00
   4.31288926e+00    7.42595993e-02    2.00000000e-01    0.00000000e+00
   4.56881339e+00    1.33655680e-01    2.00000000e-01    0.00000000e+00
   4.70329599e+00    9.30627955e-02    2.00000000e-01    0.00000000e+00
   4.90549835e+00    6.30757035e-02    2.00000000e-01    0.00000000e+00
   5.15397435e+00    1.88089761e-01    2.00000000e-01    0.00000000e+00
   5.41572513e+00    1.41243007e-01    2.00000000e-01    0.00000000e+00
   5.68304036e+00    1.12340439e-01    2.00000000e-01    0.00000000e+00
   5.85597794e+00    3.98214152e-02    2.00000000e-01    0.00000000e+00
   6.23245684e+00    1.48715044e-01    2.00000000e-01    0.00000000e+00
   6.54877680e+00    8.27284511e-02    2.00000000e-01    0.00000000e+00
   6.90237524e+00    8.41033296e-02    2.00000000e-01    0.00000000e+00
   7.29651407e+00    1.62645655e-01    2.00000000e-01    0.00000000e+00
   7.78505447e+00    1.21951264e-01    2.00000000e-01    0.00000000e+00
   8.05467848e+00    1.64298321e-01    2.00000000e-01    0.00000000e+00
   8.91697093e+00    1.26949318e-01    2.00000000e-01    0.00000000e+00
   9.61246543e+00    2.14379720e-01    2.00000000e-01    0.00000000e+00
   9.68153352e+00    2.38446326e-01    2.00000000e-01    0.00000000e+00
   9.64408532e+00    3.91767623e-01    2.00000000e-01    0.00000000e+00
   1.06762207e+01    2.04135569e-01    2.00000000e-01    0.00000000e+00
   1.17772888e+01    7.30463960e-01    2.00000000e-01    0.00000000e+00
   1.21078524e+01    1.55547271e-01    2.00000000e-01    0.00000000e+00
   1.24652289e+01    2.88270930e-01    2.00000000e-01    0.00000000e+00
   1.30489305e+01    3.92392722e-01    2.00000000e-01    0.00000000e+00
   1.32918185e+01    4.73590344e-01    2.00000000e-01    0.00000000e+00
   1.37463537e+01    6.42320958e-01    2.00000000e-01    0.00000000e+00
   1.43902724e+01    3.02069941e-01    2.00000000e-01    0.00000000e+00
   1.55669673e+01    9.63255624e-01    2.00000000e-01    0.00000000e+00
   1.54289766e+01    9.50391426e-01    2.00000000e-01    0.00000000e+00
   1.66889889e+01    5.09908721e-01    2.00000000e-01    0.00000000e+00
   1.80373153e+01    1.06578706e+00    2.00000000e-01    0.00000000e+00
   1.97006162e+01    4.60222615e-01    2.00000000e-01    0.00000000e+00
   1.95551471e+01    1.34211766e+00    2.00000000e-01    0.00000000e+00
   1.99175674e+01    9.25334111e-01    2.00000000e-01    0.00000000e+00
   2.10378807e+01    1.22844079e+00    2.00000000e-01    0.00000000e+00
   2.31792000e+01    1.77725903e+00    2.00000000e-01    0.00000000e+00
   2.39701976e+01    2.05835126e+00    2.00000000e-01    0.00000000e+00
   2.57999142e+01    2.88437267e+00    2.00000000e-01    0.00000000e+00
   2.71553257e+01    1.30221675e+00    2.00000000e-01    0.00000000e+00
   2.89384524e+01    2.56382494e+00    2.00000000e-01    0.00000000e+00
   2.83249011e+01    1.61097683e+00    2.00000000e-01    0.00000000e+00
   3.16773255e+01    2.08639271e+00    2.00000000e-01    0.00000000e+00
   3.50746982e+01    2.79100011e-01    2.00000000e-01    0.00000000e+00
   3.64615886e+01    3.36732332e+00    2.00000000e-01    0.00000000e+00
   3.86154413e+01    7.90026036e+00    2.00000000e-01    0.00000000e+00
   4.15565644e+01    4.17814947e+00    2.00000000e-01    0.00000000e+00
   4.24090490e+01    4.46475784e+00    2.00000000e-01    0.00000000e+00
   4.88754284e+01    1.99273437e+00    2.00000000e-01    0.00000000e+00
   5.23123012e+01    4.58742637e+00    2.00000000e-01    0.00000000e+00
   5.86308160e+01    1.48440251e+01    2.00000000e-01    0.00000000e+00
   6.20740796e+01    9.63061522e-01    2.00000000e-01    0.00000000e+00
   6.69570351e+01    9.83854362e-01    2.00000000e-01    0.00000000e+00
   7.27743963e+01    1.22130802e+00    2.00000000e-01    0.00000000e+00
   7.81886524e+01    8.43550374e-01    2.00000000e-01    0.00000000e+00
   8.83604726e+01    2.28212042e+00    2.00000000e-01    0.00000000e+00
   9.53760823e+01    1.03841781e+00    2.00000000e-01    0.00000000e+00
   1.07089471e+02    3.23109228e+00    2.00000000e-01    0.00000000e+00
   1.18155463e+02    3.56224900e+00    2.00000000e-01    0.00000000e+00
   1.32202666e+02    4.94677441e+00    2.00000000e-01    0.00000000e+00
   1.49634788e+02    1.97660326e+00    2.00000000e-01    0.00000000e+00
   1.64489302e+02    1.95010516e+00    2.00000000e-01    0.00000000e+00
   1.84634344e+02    5.83647981e+00    2.00000000e-01    0.00000000e+00
   2.19984896e+02    8.76638082e+00    2.00000000e-01    0.00000000e+00
   2.46715259e+02    6.21886085e+00    2.00000000e-01    0.00000000e+00
   2.81777437e+02    4.43787725e+00    2.00000000e-01    0.00000000e+00
   3.34801050e+02    1.90031194e+01    2.00000000e-01    0.00000000e+00
   3.83643017e+02    3.20427955e+01    2.00000000e-01    0.00000000e+00
   4.87730598e+02    3.61857594e+01    2.00000000e-01    0.00000000e+00
   5.36102790e+02    1.11384326e+01    2.00000000e-01    0.00000000e+00
   6.42197640e+02    2.37631195e+01    2.00000000e-01    2.77555756e-17
   7.72065191e+02    1.48289874e+01    2.00000000e-01    0.00000000e+00
   9.03648003e+02    0.00000000e+00    2.00000000e-01    0.00000000e+00
   1.11353163e+03    1.50935465e+01    2.00000000e-01    0.00000000e+00
   1.39931135e+03    9.58348479e+01    2.00000000e-01    0.00000000e+00
   1.74751871e+03    1.39154882e+02    2.00000000e-01    0.00000000e+00
   2.05991123e+03    6.74187041e+01    2.00000000e-01    0.00000000e+00
   2.57498225e+03    2.11137583e+02    2.00000000e-01    0.00000000e+00
   3.37264356e+03    3.52372611e+02    2.00000000e-01    0.00000000e+00
   3.89169290e+03    1.84403914e+02    2.00000000e-01    0.00000000e+00
   5.21068491e+03    3.44770077e+02    2.00000000e-01    0.00000000e+00
   7.46698979e+03    6.88558928e+02    2.00000000e-01    0.00000000e+00
   9.83136236e+03    1.24606339e+03    2.00000000e-01    0.00000000e+00
   1.22072531e+04    3.97439495e+03    2.00000000e-01    0.00000000e+00
   1.62584200e+04    2.16038366e+03    2.00000000e-01    0.00000000e+00
   2.30754876e+04    4.03756992e+03    2.00000000e-01    0.00000000e+00
