   1.50000000e+00    0.00000000e+00    5.99950440e+00    2.65253200e-04    1.07360050e+02    4.66089584e-03    3.41308987e+00    6.67056360e-04    3.41308987e+00    6.67056360e-04    1.24100965e+01    7.80111050e-04
   1.50000000e+00    0.00000000e+00    5.89989350e+00    3.61349519e-04    1.06368062e+02    3.59713341e-03    3.28938457e+00    4.62923689e-04    3.28938457e+00    4.62923689e-04    1.21370125e+01    8.31966796e-04
   1.50000000e+00    0.00000000e+00    5.80033410e+00    5.29110726e-04    1.05365205e+02    4.03927283e-03    3.16414957e+00    6.37465557e-04    3.16414957e+00    6.37465557e-04    1.18624757e+01    9.53919120e-04
   1.50000000e+00    0.00000000e+00    5.69993323e+00    2.81605721e-04    1.04362633e+02    2.27810640e-03    3.03913302e+00    4.75137124e-04    3.03913302e+00    4.75137124e-04    1.15868953e+01    4.18630729e-04
   1.50000000e+00    0.00000000e+00    5.59979335e+00    4.80609220e-04    1.03357905e+02    9.05461899e-03    2.91378260e+00    1.32700378e-03    2.91378260e+00    1.32700378e-03    1.13113725e+01    1.70629621e-03
   1.50000000e+00    0.00000000e+00    5.49975925e+00    8.15183091e-04    1.02331110e+02    7.57599828e-03    2.78532685e+00    1.05750147e-03    2.78532685e+00    1.05750147e-03    1.10329035e+01    1.78034975e-03
   1.50000000e+00    0.00000000e+00    5.40021743e+00    1.92208199e-04    1.01310558e+02    4.56278629e-03    2.65772083e+00    6.70122673e-04    2.65772083e+00    6.70122673e-04    1.07560218e+01    7.70498013e-04
   1.50000000e+00    0.00000000e+00    5.30041950e+00    1.05430418e-03    1.00272115e+02    5.86258689e-03    2.52758017e+00    8.37063036e-04    2.52758017e+00    8.37063036e-04    1.04762218e+01    2.24942263e-03
   1.50000000e+00    0.00000000e+00    5.19991540e+00    6.45524357e-04    9.92384790e+01    8.07941511e-03    2.39844137e+00    1.19389081e-03    2.39844137e+00    1.19389081e-03    1.01963645e+01    1.73003331e-03
   1.50000000e+00    0.00000000e+00    5.09965602e+00    7.11048618e-04    9.81835280e+01    7.49773409e-03    2.26603912e+00    1.05846859e-03    2.26603912e+00    1.05846859e-03    9.91361082e+00    1.65189851e-03
   1.50000000e+00    0.00000000e+00    5.00003733e+00    7.33832462e-04    9.71368910e+01    7.81018220e-03    2.13501078e+00    1.00297155e-03    2.13501078e+00    1.00297155e-03    9.63319175e+00    1.59123232e-03
   1.50000000e+00    0.00000000e+00    4.89970755e+00    7.96682222e-04    9.60749537e+01    6.22403769e-03    2.00168495e+00    1.04142290e-03    2.00168495e+00    1.04142290e-03    9.34940885e+00    6.15468255e-04
   1.50000000e+00    0.00000000e+00    4.80026095e+00    5.75828075e-04    9.49980750e+01    6.68456397e-03    1.86628923e+00    9.53740209e-04    1.86628923e+00    9.53740209e-04    9.06488058e+00    1.58542922e-03
   1.50000000e+00    0.00000000e+00    4.69980770e+00    2.78352879e-04    9.39226430e+01    6.28140892e-03    1.73134272e+00    8.47816116e-04    1.73134272e+00    8.47816116e-04    8.77929180e+00    1.24747529e-03
   1.50000000e+00    0.00000000e+00    4.60016875e+00    7.32005453e-04    9.28317115e+01    8.46516670e-03    1.59407615e+00    1.28094887e-03    1.59407615e+00    1.28094887e-03    8.49260420e+00    1.52614998e-03
   1.50000000e+00    0.00000000e+00    4.49932640e+00    7.14541612e-04    9.17353530e+01    4.30066524e-03    1.45618150e+00    4.49963204e-04    1.45618150e+00    4.49963204e-04    8.20348383e+00    1.48295571e-03
   1.50000000e+00    0.00000000e+00    4.40016495e+00    3.75634520e-04    9.06330582e+01    4.23985049e-03    1.31728480e+00    6.73041236e-04    1.31728480e+00    6.73041236e-04    7.91588223e+00    7.80779544e-04
   1.50000000e+00    0.00000000e+00    4.29979953e+00    2.73118119e-04    8.95212602e+01    6.70321409e-03    1.17731290e+00    9.13447839e-04    1.17731290e+00    9.13447839e-04    7.62539977e+00    1.22464911e-03
   1.50000000e+00    0.00000000e+00    4.20065375e+00    2.60583331e-04    8.83996410e+01    3.53417367e-03    1.03571135e+00    5.01477669e-04    1.03571135e+00    5.01477669e-04    7.33511673e+00    5.60084098e-04
   1.50000000e+00    0.00000000e+00    4.09984258e+00    2.70518792e-04    8.72603825e+01    5.99124096e-03    8.92096412e-01    9.36157670e-04    8.92096412e-01    9.36157670e-04    7.04032283e+00    1.07882082e-03
   1.50000000e+00    0.00000000e+00    3.99959237e+00    7.26732972e-04    8.61222862e+01    3.54427104e-03    7.48553627e-01    5.66746238e-04    7.48553627e-01    5.66746238e-04    6.74644233e+00    9.40818060e-04
   1.50000000e+00    0.00000000e+00    3.90004297e+00    4.92494723e-04    8.49658357e+01    4.45178068e-03    6.02123503e-01    6.32704921e-04    6.02123503e-01    6.32704921e-04    6.45072550e+00    7.83156750e-04
   1.50000000e+00    0.00000000e+00    3.79996707e+00    3.53002184e-04    8.38048915e+01    7.37812790e-03    4.55360113e-01    9.86028870e-04    4.55360113e-01    9.86028870e-04    6.15388575e+00    1.50805647e-03
   1.50000000e+00    0.00000000e+00    3.69987975e+00    2.10463589e-04    8.26261632e+01    5.50928545e-03    3.06164485e-01    8.22312806e-04    3.06164485e-01    8.22312806e-04    5.85459665e+00    6.12531634e-04
   1.50000000e+00    0.00000000e+00    3.59988357e+00    2.13302091e-04    8.14452335e+01    6.02827216e-03    1.56809780e-01    8.36964357e-04    1.56809780e-01    8.36964357e-04    5.55528523e+00    1.12566075e-03
   1.50000000e+00    0.00000000e+00    3.50004595e+00    5.73444681e-04    8.06192123e+01    1.05859916e-02    5.93754998e-02    1.46632661e-03    5.93754998e-02    1.46632661e-03    5.30813192e+00    2.21387706e-03
   1.50000000e+00    0.00000000e+00    3.39948900e+00    1.21171137e-03    7.93804843e+01    1.67292303e-02   -9.80788250e-02    2.16690513e-03   -9.80788250e-02    2.16690513e-03    4.99987987e+00    3.78415997e-03
   1.50000000e+00    0.00000000e+00    3.30037680e+00    8.67552448e-04    7.81537215e+01    1.16032396e-02   -2.54233290e-01    1.47387862e-03   -2.54233290e-01    1.47387862e-03    4.69509428e+00    2.73335302e-03
   1.50000000e+00    0.00000000e+00    3.20036550e+00    1.64530711e-04    7.69123075e+01    3.65374770e-03   -4.12010398e-01    4.87435654e-04   -4.12010398e-01    4.87435654e-04    4.38733773e+00    6.25650371e-04
   1.50000000e+00    0.00000000e+00    3.09988617e+00    6.81234590e-04    7.56419120e+01    1.15410860e-02   -5.73818483e-01    1.50363751e-03   -5.73818483e-01    1.50363751e-03    4.07484833e+00    2.46212597e-03
   1.50000000e+00    0.00000000e+00    2.99981762e+00    7.76595469e-04    7.43626640e+01    1.34152757e-02   -7.36963592e-01    1.79217294e-03   -7.36963592e-01    1.79217294e-03    3.76163795e+00    2.74018538e-03
   1.50000000e+00    0.00000000e+00    2.89999577e+00    2.59931475e-04    7.30737295e+01    3.14709537e-03   -9.01331273e-01    5.07223551e-04   -9.01331273e-01    5.07223551e-04    3.44757490e+00    2.44188083e-04
   1.50000000e+00    0.00000000e+00    2.80024768e+00    6.06714523e-04    7.17737440e+01    1.21807689e-02   -1.06722435e+00    1.73410702e-03   -1.06722435e+00    1.73410702e-03    3.13209710e+00    2.51880921e-03
   1.50000000e+00    0.00000000e+00    2.78984097e+00    1.95280188e-04    7.16373153e+01    4.16327151e-03   -1.08459785e+00    6.06617493e-04   -1.08459785e+00    6.06617493e-04    3.09911747e+00    7.24403994e-04
   1.50000000e+00    0.00000000e+00    2.78006290e+00    2.89376787e-04    7.15111802e+01    8.26245497e-03   -1.10062632e+00    1.14926452e-03   -1.10062632e+00    1.14926452e-03    3.06842550e+00    1.42475692e-03
   1.50000000e+00    0.00000000e+00    2.76970580e+00    2.55946596e-04    7.13715423e+01    1.04922166e-02   -1.11848623e+00    1.52075449e-03   -1.11848623e+00    1.52075449e-03    3.03503382e+00    1.61958528e-03
   1.50000000e+00    0.00000000e+00    2.75951130e+00    1.00431044e-03    7.12376980e+01    9.85542041e-03   -1.13569700e+00    1.19859772e-03   -1.13569700e+00    1.19859772e-03    3.00253515e+00    2.69980943e-03
   1.50000000e+00    0.00000000e+00    2.75001470e+00    6.00632754e-04    7.11172770e+01    8.26792891e-03   -1.15095915e+00    1.08166917e-03   -1.15095915e+00    1.08166917e-03    2.97303165e+00    1.68494910e-03
   1.50000000e+00    0.00000000e+00    2.74005343e+00    5.26027511e-04    7.09761225e+01    1.00775741e-02   -1.16909593e+00    1.39421916e-03   -1.16909593e+00    1.39421916e-03    2.93995675e+00    1.63673344e-03
   1.50000000e+00    0.00000000e+00    2.73062907e+00    5.08950029e-04    7.08509503e+01    1.19692477e-02   -1.18509703e+00    1.70451057e-03   -1.18509703e+00    1.70451057e-03    2.90982260e+00    2.17383542e-03
   1.50000000e+00    0.00000000e+00    2.71977335e+00    2.23702665e-04    7.07126310e+01    9.66445953e-03   -1.20268115e+00    1.34007901e-03   -1.20268115e+00    1.34007901e-03    2.87595897e+00    1.33548366e-03
   1.50000000e+00    0.00000000e+00    2.71006612e+00    4.65607525e-04    7.05835970e+01    6.64386841e-03   -1.21919692e+00    9.38639144e-04   -1.21919692e+00    9.38639144e-04    2.84488603e+00    1.61648917e-03
   1.50000000e+00    0.00000000e+00    2.69995757e+00    3.28471836e-04    7.04555860e+01    4.97016257e-03   -1.23537483e+00    7.25008846e-04   -1.23537483e+00    7.25008846e-04    2.81354903e+00    1.21542371e-03
   1.50000000e+00    0.00000000e+00    2.68013143e+00    3.61800562e-04    7.01907123e+01    9.17506230e-03   -1.26926065e+00    1.25396978e-03   -1.26926065e+00    1.25396978e-03    2.74993143e+00    1.74108645e-03
   1.50000000e+00    0.00000000e+00    2.66009710e+00    4.35257941e-04    6.99226733e+01    7.19068065e-03   -1.30345292e+00    1.01137205e-03   -1.30345292e+00    1.01137205e-03    2.68569522e+00    1.57516854e-03
   1.50000000e+00    0.00000000e+00    2.64036737e+00    1.06994200e-03    6.96522092e+01    1.80750458e-02   -1.33814160e+00    2.34701148e-03   -1.33814160e+00    2.34701148e-03    2.62141933e+00    3.93220095e-03
   1.50000000e+00    0.00000000e+00    2.61975213e+00    2.44279567e-04    6.93766770e+01    1.01288971e-02   -1.37340478e+00    1.36575050e-03   -1.37340478e+00    1.36575050e-03    2.55524100e+00    1.68382690e-03
   1.50000000e+00    0.00000000e+00    2.60006540e+00    1.04909352e-03    6.91166513e+01    1.32640075e-02   -1.40662155e+00    1.66849787e-03   -1.40662155e+00    1.66849787e-03    2.49250150e+00    3.09001976e-03
   1.50000000e+00    0.00000000e+00    2.58023700e+00    4.12273435e-04    6.88462510e+01    5.88350283e-03   -1.44121027e+00    8.17156106e-04   -1.44121027e+00    8.17156106e-04    2.42817767e+00    1.21178633e-03
   1.50000000e+00    0.00000000e+00    2.56005515e+00    4.95184902e-04    6.85780937e+01    5.41332196e-03   -1.47553953e+00    6.03065678e-04   -1.47553953e+00    6.03065678e-04    2.36358318e+00    1.22980202e-03
   1.50000000e+00    0.00000000e+00    2.54041488e+00    3.15645920e-04    6.83138670e+01    2.79613966e-03   -1.50930133e+00    3.28357103e-04   -1.50930133e+00    3.28357103e-04    2.30036835e+00    7.22431057e-04
   1.50000000e+00    0.00000000e+00    2.51991743e+00    4.77794048e-04    6.80259500e+01    2.32987242e-03   -1.54620398e+00    3.26348996e-04   -1.54620398e+00    3.26348996e-04    2.23272720e+00    8.11169899e-04
   1.50000000e+00    0.00000000e+00    2.50054803e+00    2.84056908e-04    6.77598000e+01    4.95937804e-03   -1.58036077e+00    7.38140293e-04   -1.58036077e+00    7.38140293e-04    2.16952355e+00    6.85321021e-04
   1.50000000e+00    0.00000000e+00    2.48008723e+00    4.38537025e-04    6.74750988e+01    4.00754460e-03   -1.61687675e+00    4.68548773e-04   -1.61687675e+00    4.68548773e-04    2.10232407e+00    1.01805638e-03
   1.50000000e+00    0.00000000e+00    2.46022905e+00    4.53777162e-04    6.72087087e+01    1.12710767e-02   -1.65085315e+00    1.67994779e-03   -1.65085315e+00    1.67994779e-03    2.03856785e+00    1.76241462e-03
   1.50000000e+00    0.00000000e+00    2.44000135e+00    4.99905194e-04    6.69252312e+01    3.84097692e-03   -1.68719187e+00    4.21885200e-04   -1.68719187e+00    4.21885200e-04    1.97189515e+00    1.07206508e-03
   1.50000000e+00    0.00000000e+00    2.42011643e+00    6.73460212e-04    6.66545107e+01    6.82063166e-03   -1.72178992e+00    9.37471747e-04   -1.72178992e+00    9.37471747e-04    1.90747713e+00    1.65119881e-03
   1.50000000e+00    0.00000000e+00    2.39963682e+00    3.35651697e-04    6.63787230e+01    6.81701236e-03   -1.75704415e+00    1.10808205e-03   -1.75704415e+00    1.10808205e-03    1.84151128e+00    8.15099495e-04
   1.50000000e+00    0.00000000e+00    2.37971927e+00    3.70523936e-04    6.61001410e+01    5.02061933e-03   -1.79291048e+00    6.62377515e-04   -1.79291048e+00    6.62377515e-04    1.77577603e+00    1.12729731e-03
   1.50000000e+00    0.00000000e+00    2.35982492e+00    4.30634946e-04    6.58280515e+01    5.42649705e-03   -1.82765332e+00    6.91769840e-04   -1.82765332e+00    6.91769840e-04    1.71119917e+00    9.80836374e-04
   1.50000000e+00    0.00000000e+00    2.34009560e+00    2.73670504e-04    6.55487490e+01    8.60450196e-03   -1.86343605e+00    1.27428848e-03   -1.86343605e+00    1.27428848e-03    1.64582985e+00    1.31972002e-03
   1.50000000e+00    0.00000000e+00    2.31957773e+00    5.01857452e-04    6.52625583e+01    9.54406969e-03   -1.90015702e+00    1.26231559e-03   -1.90015702e+00    1.26231559e-03    1.57833977e+00    1.79021330e-03
   1.50000000e+00    0.00000000e+00    2.30036140e+00    3.45648412e-04    6.49889920e+01    1.17995902e-02   -1.93533818e+00    1.55201442e-03   -1.93533818e+00    1.55201442e-03    1.51434128e+00    1.96548858e-03
   1.50000000e+00    0.00000000e+00    2.28011170e+00    4.43419203e-04    6.47108587e+01    9.35042291e-03   -1.97078493e+00    1.33343019e-03   -1.97078493e+00    1.33343019e-03    1.44852760e+00    1.95433265e-03
   1.50000000e+00    0.00000000e+00    2.25981275e+00    1.55194660e-04    6.44190378e+01    6.69234971e-03   -2.00840515e+00    1.00053689e-03   -2.00840515e+00    1.00053689e-03    1.38046655e+00    1.21049212e-03
   1.50000000e+00    0.00000000e+00    2.23980125e+00    5.11332301e-04    6.41398240e+01    1.33660210e-02   -2.04403132e+00    1.86281777e-03   -2.04403132e+00    1.86281777e-03    1.31483062e+00    2.41293763e-03
   1.50000000e+00    0.00000000e+00    2.21990955e+00    3.10426598e-04    6.38568285e+01    6.62722697e-03   -2.08050000e+00    8.93141677e-04   -2.08050000e+00    8.93141677e-04    1.24853188e+00    1.32975318e-03
   1.50000000e+00    0.00000000e+00    2.19956145e+00    6.61646637e-04    6.35711155e+01    1.42842801e-02   -2.11703700e+00    1.83243483e-03   -2.11703700e+00    1.83243483e-03    1.18148032e+00    2.72295733e-03
   1.50000000e+00    0.00000000e+00    2.17996065e+00    2.63910255e-04    6.32982457e+01    7.48516634e-03   -2.15196933e+00    1.06644283e-03   -2.15196933e+00    1.06644283e-03    1.11715418e+00    7.91837346e-04
   1.50000000e+00    0.00000000e+00    2.16026297e+00    4.67937466e-04    6.30118285e+01    6.48096438e-03   -2.18871013e+00    8.83185435e-04   -2.18871013e+00    8.83185435e-04    1.05087425e+00    1.42311177e-03
   1.50000000e+00    0.00000000e+00    2.13980920e+00    3.45518068e-04    6.27109635e+01    1.46840247e-02   -2.22747273e+00    2.05188267e-03   -2.22747273e+00    2.05188267e-03    9.81438635e-01    2.32197975e-03
   1.50000000e+00    0.00000000e+00    2.11999045e+00    2.57438619e-04    6.24246367e+01    5.73063318e-03   -2.26426330e+00    8.03272893e-04   -2.26426330e+00    8.03272893e-04    9.14927357e-01    1.15453628e-03
   1.50000000e+00    0.00000000e+00    2.09954075e+00    3.14017870e-04    6.21278635e+01    3.96839039e-03   -2.30244115e+00    6.53838950e-04   -2.30244115e+00    6.53838950e-04    8.46082642e-01    1.01045835e-03
   1.50000000e+00    0.00000000e+00    2.07983617e+00    4.60571169e-04    6.18485283e+01    6.29464433e-03   -2.33834020e+00    7.05956631e-04   -2.33834020e+00    7.05956631e-04    7.80634120e-01    1.36567303e-03
   1.50000000e+00    0.00000000e+00    2.05982040e+00    4.70467395e-04    6.15513180e+01    1.08863586e-02   -2.37659070e+00    1.60235014e-03   -2.37659070e+00    1.60235014e-03    7.12367458e-01    1.69924742e-03
   1.50000000e+00    0.00000000e+00    2.04064232e+00    5.56802651e-04    6.12777653e+01    1.30404741e-02   -2.41157262e+00    1.78839144e-03   -2.41157262e+00    1.78839144e-03    6.48625565e-01    2.59282621e-03
   1.50000000e+00    0.00000000e+00    2.01976745e+00    4.50831767e-04    6.09688445e+01    8.22845166e-03   -2.45138125e+00    1.04283212e-03   -2.45138125e+00    1.04283212e-03    5.77512505e-01    1.64940441e-03
   1.50000000e+00    0.00000000e+00    1.99996638e+00    1.71944241e-04    6.06804793e+01    4.40399741e-03   -2.48837373e+00    7.28953741e-04   -2.48837373e+00    7.28953741e-04    5.10825833e-01    7.72358443e-04
   1.50000000e+00    0.00000000e+00    1.98013865e+00    2.22391889e-04    6.03941973e+01    1.19761072e-02   -2.52528990e+00    1.58154715e-03   -2.52528990e+00    1.58154715e-03    4.44175475e-01    1.80412710e-03
   1.50000000e+00    0.00000000e+00    1.96016400e+00    3.21870976e-04    6.00915577e+01    8.71105431e-03   -2.56433627e+00    1.17093281e-03   -2.56433627e+00    1.17093281e-03    3.75174665e-01    1.45418199e-03
   1.50000000e+00    0.00000000e+00    1.95045720e+00    4.93447854e-04    5.99459325e+01    9.54812467e-03   -2.58295510e+00    1.37048310e-03   -2.58295510e+00    1.37048310e-03    3.41999252e-01    2.00197579e-03
   1.50000000e+00    0.00000000e+00    1.93994417e+00    1.09737878e-04    5.97969775e+01    8.89571721e-03   -2.60198038e+00    1.25179731e-03   -2.60198038e+00    1.25179731e-03    3.07208412e-01    1.35350811e-03
   1.50000000e+00    0.00000000e+00    1.91938458e+00    3.61597251e-04    5.95023325e+01    8.38977456e-03   -2.63985277e+00    1.20666316e-03   -2.63985277e+00    1.20666316e-03    2.38504332e-01    1.46757764e-03
   1.50000000e+00    0.00000000e+00    1.90017040e+00    5.43389791e-04    5.91882315e+01    2.06538135e-02   -2.68069033e+00    2.78367763e-03   -2.68069033e+00    2.78367763e-03    1.68852710e-01    3.31927622e-03
   1.50000000e+00    0.00000000e+00    1.88969582e+00    1.49679447e-04    5.90389628e+01    1.10332118e-02   -2.69969117e+00    1.57413959e-03   -2.69969117e+00    1.57413959e-03    1.34143945e-01    1.37383256e-03
   1.50000000e+00    0.00000000e+00    1.88021612e+00    4.04972804e-04    5.89077108e+01    4.40783016e-03   -2.71653815e+00    5.66075139e-04   -2.71653815e+00    5.66075139e-04    1.03080950e-01    1.00319339e-03
   1.50000000e+00    0.00000000e+00    1.87039423e+00    3.86593077e-04    5.87490368e+01    1.20991287e-02   -2.73705827e+00    1.67907570e-03   -2.73705827e+00    1.67907570e-03    6.78316498e-02    2.24498747e-03
   1.50000000e+00    0.00000000e+00    1.86042222e+00    1.65514114e-04    5.86080878e+01    2.11393210e-02   -2.75497392e+00    2.99860749e-03   -2.75497392e+00    2.99860749e-03    3.49617438e-02    3.13941153e-03
   1.50000000e+00    0.00000000e+00    1.85022280e+00    4.09605670e-04    5.84338992e+01    5.46305420e-03   -2.77768325e+00    8.27826982e-04   -2.77768325e+00    8.27826982e-04   -3.04290103e-03    1.38192913e-03
   1.50000000e+00    0.00000000e+00    1.83999105e+00    1.39783592e-04    5.82894195e+01    2.33506512e-02   -2.79632870e+00    3.18197946e-03   -2.79632870e+00    3.18197946e-03   -3.70321237e-02    3.24965690e-03
   1.50000000e+00    0.00000000e+00    1.82983375e+00    1.22900539e-04    5.81437080e+01    1.62381431e-02   -2.81490707e+00    2.33869500e-03   -2.81490707e+00    2.33869500e-03   -7.08426602e-02    2.29895220e-03
   1.50000000e+00    0.00000000e+00    1.81999427e+00    2.55922619e-04    5.80017300e+01    6.85535036e-03   -2.83325458e+00    1.06574045e-03   -2.83325458e+00    1.06574045e-03   -1.03945618e-01    8.78383513e-04
   1.50000000e+00    0.00000000e+00    1.80990400e+00    3.12395286e-04    5.78260808e+01    4.98161140e-03   -2.85578030e+00    7.38629630e-04   -2.85578030e+00    7.38629630e-04   -1.41603038e-01    9.02180181e-04
   1.50000000e+00    0.00000000e+00    1.80017495e+00    1.10966628e-04    5.77055077e+01    4.53031005e-03   -2.87121705e+00    5.74343993e-04   -2.87121705e+00    5.74343993e-04   -1.71629735e-01    6.53556089e-04
   1.50000000e+00    0.00000000e+00    1.78967097e+00    3.32278433e-04    5.75375852e+01    8.83388808e-03   -2.89278403e+00    1.23822769e-03   -2.89278403e+00    1.23822769e-03   -2.08948660e-01    1.00466737e-03
   1.50000000e+00    0.00000000e+00    1.78014200e+00    3.56658310e-04    5.73679980e+01    6.33931025e-03   -2.91515360e+00    1.02092329e-03   -2.91515360e+00    1.02092329e-03   -2.45608165e-01    8.38290054e-04
   1.50000000e+00    0.00000000e+00    1.77019878e+00    3.30570071e-04    5.72416920e+01    1.27476132e-02   -2.93103713e+00    1.68118467e-03   -2.93103713e+00    1.68118467e-03   -2.76402777e-01    1.43919393e-03
   1.50000000e+00    0.00000000e+00    1.75972240e+00    9.47885805e-05    5.70743265e+01    2.67194002e-02   -2.95271080e+00    3.83455445e-03   -2.95271080e+00    3.83455445e-03   -3.13787110e-01    3.77937357e-03
   1.50000000e+00    0.00000000e+00    1.75010765e+00    3.69100566e-04    5.69312065e+01    7.74448115e-03   -2.97116133e+00    1.05205602e-03   -2.97116133e+00    1.05205602e-03   -3.46656145e-01    1.24302733e-03
   1.50000000e+00    0.00000000e+00    1.73984998e+00    2.68229392e-04    5.67730178e+01    1.99630204e-02   -2.99167815e+00    2.79266199e-03   -2.99167815e+00    2.79266199e-03   -3.82555608e-01    2.91914692e-03
   1.50000000e+00    0.00000000e+00    1.73013418e+00    4.16633660e-04    5.66170887e+01    1.73859859e-02   -3.01175533e+00    2.30729643e-03   -3.01175533e+00    2.30729643e-03   -4.17202867e-01    2.82795853e-03
   1.50000000e+00    0.00000000e+00    1.72004225e+00    5.16982425e-04    5.64452083e+01    2.03468724e-02   -3.03417755e+00    3.05505342e-03   -3.03417755e+00    3.05505342e-03   -4.54759205e-01    2.98814175e-03
   1.50000000e+00    0.00000000e+00    1.70972320e+00    5.47964638e-04    5.63001752e+01    2.72146491e-02   -3.05272612e+00    3.79271481e-03   -3.05272612e+00    3.79271481e-03   -4.88782500e-01    4.14688759e-03
   1.50000000e+00    0.00000000e+00    1.69959917e+00    3.43808103e-04    5.61487112e+01    1.26732466e-02   -3.07204597e+00    1.75621423e-03   -3.07204597e+00    1.75621423e-03   -5.23284595e-01    1.60107472e-03
   1.50000000e+00    0.00000000e+00    1.68980895e+00    1.09463065e-04    5.59889035e+01    2.05700481e-02   -3.09282807e+00    2.82087228e-03   -3.09282807e+00    2.82087228e-03   -5.58748320e-01    2.80394378e-03
   1.50000000e+00    0.00000000e+00    1.68006820e+00    3.11621509e-04    5.58294207e+01    2.68781662e-02   -3.11352597e+00    3.85292347e-03   -3.11352597e+00    3.85292347e-03   -5.94053732e-01    3.46206909e-03
   1.50000000e+00    0.00000000e+00    1.66981708e+00    4.56430271e-04    5.56897928e+01    1.23000260e-02   -3.13131585e+00    2.00006283e-03   -3.13131585e+00    2.00006283e-03   -6.27216453e-01    1.93433238e-03
   1.50000000e+00    0.00000000e+00    1.66010612e+00    5.34932544e-04    5.55342002e+01    2.77357089e-02   -3.15149770e+00    3.91780511e-03   -3.15149770e+00    3.91780511e-03   -6.61961088e-01    4.02964096e-03
   1.50000000e+00    0.00000000e+00    1.64996380e+00    3.73227397e-04    5.53492645e+01    1.25995371e-02   -3.17556860e+00    1.96519692e-03   -3.17556860e+00    1.96519692e-03   -7.01241625e-01    1.88519839e-03
   1.50000000e+00    0.00000000e+00    1.64000290e+00    3.25980237e-04    5.52371795e+01    2.65312111e-02   -3.18961340e+00    3.76728462e-03   -3.18961340e+00    3.76728462e-03   -7.30224085e-01    3.82723309e-03
   1.50000000e+00    0.00000000e+00    1.62994635e+00    2.68376065e-04    5.50571062e+01    3.69841183e-02   -3.21330837e+00    5.10805005e-03   -3.21330837e+00    5.10805005e-03   -7.69000075e-01    5.02679246e-03
   1.50000000e+00    0.00000000e+00    1.61998785e+00    2.21775793e-04    5.49037545e+01    7.52442840e-03   -3.23290012e+00    9.47133012e-04   -3.23290012e+00    9.47133012e-04   -8.03525835e-01    1.27620491e-03
   1.50000000e+00    0.00000000e+00    1.61007732e+00    1.72355626e-04    5.47450240e+01    4.11644902e-03   -3.25338830e+00    5.34944310e-04   -3.25338830e+00    5.34944310e-04   -8.38876138e-01    4.64985862e-04
   1.50000000e+00    0.00000000e+00    1.60018007e+00    2.34492381e-04    5.45812470e+01    1.12186090e-02   -3.27463865e+00    1.51593952e-03   -3.27463865e+00    1.51593952e-03   -8.74968610e-01    1.59090585e-03
   1.50000000e+00    0.00000000e+00    1.58996833e+00    1.07282603e-04    5.44245763e+01    1.05989966e-02   -3.29483135e+00    1.54390581e-03   -3.29483135e+00    1.54390581e-03   -9.10475172e-01    1.42258206e-03
   1.50000000e+00    0.00000000e+00    1.58002558e+00    1.92456909e-04    5.42755358e+01    1.04249660e-02   -3.31400530e+00    1.47666745e-03   -3.31400530e+00    1.47666745e-03   -9.44559470e-01    1.35322436e-03
   1.50000000e+00    0.00000000e+00    1.56986750e+00    1.22450031e-04    5.41220457e+01    4.76862844e-03   -3.33371450e+00    6.45279959e-04   -3.33371450e+00    6.45279959e-04   -9.79501960e-01    6.85208332e-04
   1.50000000e+00    0.00000000e+00    1.55998182e+00    6.90455058e-05    5.39482590e+01    8.23306775e-03   -3.35639710e+00    1.14136438e-03   -3.35639710e+00    1.14136438e-03   -1.01700942e+00    1.06888038e-03
   1.50000000e+00    0.00000000e+00    1.54999992e+00    9.49311691e-05    5.37987567e+01    7.88024553e-03   -3.37560790e+00    1.05815780e-03   -3.37560790e+00    1.05815780e-03   -1.05118928e+00    1.12783779e-03
   1.50000000e+00    0.00000000e+00    1.53988583e+00    1.57688734e-04    5.36339348e+01    1.84513225e-02   -3.39698608e+00    2.54385216e-03   -3.39698608e+00    2.54385216e-03   -1.08773477e+00    2.63701772e-03
   1.50000000e+00    0.00000000e+00    1.52999130e+00    1.09422598e-04    5.34729415e+01    1.52355514e-02   -3.41774377e+00    2.05631926e-03   -3.41774377e+00    2.05631926e-03   -1.12333053e+00    2.10894755e-03
   1.50000000e+00    0.00000000e+00    1.52000932e+00    1.87429632e-04    5.33176108e+01    1.20575530e-02   -3.43788310e+00    1.64655854e-03   -3.43788310e+00    1.64655854e-03   -1.15843910e+00    1.87832734e-03
   1.50000000e+00    0.00000000e+00    1.50989710e+00    1.07747784e-04    5.31502787e+01    5.36769170e-03   -3.45964305e+00    8.71104177e-04   -3.45964305e+00    8.71104177e-04   -1.19536362e+00    8.06343194e-04
   1.50000000e+00    0.00000000e+00    1.50007255e+00    1.92497461e-04    5.29989503e+01    8.50411507e-03   -3.47908195e+00    1.26749576e-03   -3.47908195e+00    1.26749576e-03   -1.22953567e+00    1.36605322e-03
   1.50000000e+00    0.00000000e+00    1.48997985e+00    4.90165533e-05    5.28428170e+01    1.17459154e-02   -3.49925505e+00    1.87456362e-03   -3.49925505e+00    1.87456362e-03   -1.26484402e+00    1.82624087e-03
   1.50000000e+00    0.00000000e+00    1.48010670e+00    1.97594243e-04    5.26609120e+01    1.56417515e-02   -3.52297387e+00    2.30817755e-03   -3.52297387e+00    2.30817755e-03   -1.30336890e+00    2.43363704e-03
   1.50000000e+00    0.00000000e+00    1.46995727e+00    8.82778957e-05    5.25074178e+01    1.50508893e-02   -3.54266493e+00    2.20218557e-03   -3.54266493e+00    2.20218557e-03   -1.33828025e+00    2.18203343e-03
   1.50000000e+00    0.00000000e+00    1.46008675e+00    1.77110763e-04    5.23502032e+01    1.07412813e-02   -3.56299762e+00    1.58711216e-03   -3.56299762e+00    1.58711216e-03   -1.37341505e+00    1.68552764e-03
   1.50000000e+00    0.00000000e+00    1.44999902e+00    1.81009218e-04    5.21725590e+01    2.14539886e-02   -3.58639552e+00    3.06567183e-03   -3.58639552e+00    3.06567183e-03   -1.41194075e+00    3.33582853e-03
   1.50000000e+00    0.00000000e+00    1.44003393e+00    1.19676969e-04    5.20127428e+01    2.74305370e-02   -3.60684282e+00    3.89241250e-03   -3.60684282e+00    3.89241250e-03   -1.44733197e+00    3.95228348e-03
   1.50000000e+00    0.00000000e+00    1.42996735e+00    9.74985513e-05    5.18230613e+01    2.87735611e-02   -3.63182730e+00    4.16101298e-03   -3.63182730e+00    4.16101298e-03   -1.48741255e+00    4.08554449e-03
   1.50000000e+00    0.00000000e+00    1.41993885e+00    9.99010135e-05    5.16788150e+01    1.07031248e-02   -3.65016485e+00    1.61428468e-03   -3.65016485e+00    1.61428468e-03   -1.52078910e+00    1.71456493e-03
   1.50000000e+00    0.00000000e+00    1.40993963e+00    2.05222652e-04    5.15119505e+01    1.34100513e-02   -3.67178895e+00    1.92935825e-03   -3.67178895e+00    1.92935825e-03   -1.55740828e+00    1.92502483e-03
   1.50000000e+00    0.00000000e+00    1.40001885e+00    1.36672464e-04    5.13442310e+01    5.85867310e-03   -3.69350608e+00    8.81775148e-04   -3.69350608e+00    8.81775148e-04   -1.59400283e+00    6.94281706e-04
   1.50000000e+00    0.00000000e+00    1.38998780e+00    2.83313478e-04    5.11872780e+01    1.47207718e-02   -3.71384077e+00    2.08608454e-03   -3.71384077e+00    2.08608454e-03   -1.62938027e+00    1.66459276e-03
   1.50000000e+00    0.00000000e+00    1.37992088e+00    4.15247140e-05    5.10172575e+01    6.04295749e-03   -3.73594115e+00    8.49175737e-04   -3.73594115e+00    8.49175737e-04   -1.66657732e+00    8.66770810e-04
   1.50000000e+00    0.00000000e+00    1.36993863e+00    1.52760718e-04    5.08427305e+01    2.18692795e-02   -3.75853773e+00    3.14349245e-03   -3.75853773e+00    3.14349245e-03   -1.70414353e+00    3.02212718e-03
   1.50000000e+00    0.00000000e+00    1.35995400e+00    1.82674533e-04    5.06752793e+01    2.62548489e-02   -3.78040532e+00    3.81635473e-03   -3.78040532e+00    3.81635473e-03   -1.74098427e+00    4.04686290e-03
   1.50000000e+00    0.00000000e+00    1.35014420e+00    7.82466293e-05    5.05208862e+01    1.07566820e-02   -3.80025727e+00    1.63976460e-03   -3.80025727e+00    1.63976460e-03   -1.77554728e+00    1.56970000e-03
   1.50000000e+00    0.00000000e+00    1.34004258e+00    1.56010839e-04    5.03559668e+01    2.27054983e-02   -3.82174338e+00    3.25925544e-03   -3.82174338e+00    3.25925544e-03   -1.81218205e+00    3.29825531e-03
   1.50000000e+00    0.00000000e+00    1.32998892e+00    6.76946591e-05    5.01816040e+01    2.70077742e-02   -3.84423300e+00    3.81348002e-03   -3.84423300e+00    3.81348002e-03   -1.84974840e+00    3.82922732e-03
   1.50000000e+00    0.00000000e+00    1.32005962e+00    1.33739193e-04    5.00384575e+01    1.38623590e-02   -3.86269468e+00    2.17313906e-03   -3.86269468e+00    2.17313906e-03   -1.88310030e+00    2.26030878e-03
   1.50000000e+00    0.00000000e+00    1.31000415e+00    1.16532367e-04    4.98544567e+01    1.54996995e-02   -3.88664985e+00    2.42707679e-03   -3.88664985e+00    2.42707679e-03   -1.92213488e+00    2.28978067e-03
   1.50000000e+00    0.00000000e+00    1.30005218e+00    1.43928131e-04    4.96566468e+01    3.00365512e-02   -3.91274482e+00    4.55668555e-03   -3.91274482e+00    4.55668555e-03   -1.96315407e+00    4.43419605e-03
   1.50000000e+00    0.00000000e+00    1.29004950e+00    1.67772361e-04    4.94863695e+01    3.74739470e-02   -3.93474450e+00    5.13826067e-03   -3.93474450e+00    5.13826067e-03   -2.00015403e+00    5.05145251e-03
   1.50000000e+00    0.00000000e+00    1.28007740e+00    9.99593918e-05    4.93452460e+01    7.85930223e-02   -3.95311798e+00    1.14628237e-02   -3.95311798e+00    1.14628237e-02   -2.03348185e+00    1.15698787e-02
   1.50000000e+00    0.00000000e+00    1.26989442e+00    1.07643007e-04    4.91658910e+01    3.76163971e-02   -3.97606778e+00    5.76444887e-03   -3.97606778e+00    5.76444887e-03   -2.07170232e+00    5.67374897e-03
   1.50000000e+00    0.00000000e+00    1.25992680e+00    1.14984369e-04    4.89882365e+01    4.85247489e-02   -3.99937852e+00    6.78566692e-03   -3.99937852e+00    6.78566692e-03   -2.10996082e+00    6.95310513e-03
