   1.91250000e-01    1.43069039e-02    1.37768362e+00    4.19035542e-03    2.00000000e+00
   2.02500000e-01    1.08972474e-02    1.38752003e+00    2.61124516e-03    2.00000000e+00
   2.37500000e-01    1.08972474e-02    1.40162810e+00    1.98863503e-03    2.00000000e+00
   2.48750000e-01    7.39509973e-03    1.41452773e+00    2.43417667e-03    2.00000000e+00
   2.72500000e-01    8.29156198e-03    1.43041507e+00    8.17811819e-04    2.00000000e+00
   2.86250000e-01    2.10282548e-02    1.45150528e+00    5.75241654e-03    2.00000000e+00
   3.10000000e-01    1.27475488e-02    1.45324173e+00    3.31640709e-03    2.00000000e+00
   3.20000000e-01    2.37170825e-02    1.46159887e+00    4.86019557e-03    2.00000000e+00
   3.38750000e-01    6.49519053e-03    1.46461680e+00    3.90866156e-03    2.00000000e+00
   3.07500000e-01    1.29903811e-02    1.46830123e+00    1.74930545e-03    2.00000000e+00
   3.40000000e-01    2.73861279e-02    1.47400810e+00    2.03154243e-03    2.00000000e+00
   3.63750000e-01    3.24759526e-02    1.47843968e+00    6.15466836e-03    2.00000000e+00
   3.63750000e-01    1.02316910e-02    1.48780645e+00    3.33976689e-03    2.00000000e+00
   3.90000000e-01    2.66926956e-02    1.49353927e+00    1.88320198e-03    2.00000000e+00
   3.87500000e-01    2.07665597e-02    1.50024653e+00    6.20716573e-03    2.00000000e+00
   4.22500000e-01    1.03077641e-02    1.50371492e+00    4.79056751e-03    2.00000000e+00
   4.15000000e-01    3.53553391e-03    1.51003543e+00    2.71498324e-03    2.00000000e+00
   3.95000000e-01    1.96850197e-02    1.50909995e+00    1.96126467e-03    2.00000000e+00
   4.31250000e-01    1.24373430e-02    1.51654615e+00    2.21142084e-03    2.00000000e+00
   4.26250000e-01    1.88331490e-02    1.52484360e+00    3.60574619e-03    2.00000000e+00
   4.25000000e-01    1.27475488e-02    1.52693840e+00    4.17232915e-03    2.00000000e+00
   4.58750000e-01    2.88042966e-02    1.52296202e+00    2.28718375e-03    2.00000000e+00
   4.67500000e-01    2.51246891e-02    1.53354467e+00    6.28248501e-03    2.00000000e+00
   4.47500000e-01    2.19374110e-02    1.53832965e+00    2.67486495e-03    2.00000000e+00
   5.05000000e-01    3.79143772e-02    1.53986272e+00    6.72365931e-03    2.00000000e+00
   5.05000000e-01    2.57390754e-02    1.54709675e+00    5.37520879e-03    2.00000000e+00
   4.92500000e-01    1.34629120e-02    1.55115555e+00    3.58379993e-03    2.00000000e+00
   4.80000000e-01    3.92109679e-02    1.55364745e+00    3.14957302e-03    2.00000000e+00
   5.17500000e-01    3.28823661e-02    1.57072185e+00    7.17325488e-03    2.00000000e+00
   5.51250000e-01    2.58299729e-02    1.57039522e+00    4.04215802e-03    2.00000000e+00
   5.56250000e-01    1.67238602e-02    1.57783162e+00    3.02118475e-03    2.00000000e+00
   5.65000000e-01    1.96850197e-02    1.58433882e+00    2.18092983e-03    2.00000000e+00
   5.81250000e-01    4.50520532e-02    1.58977673e+00    1.43165107e-03    2.00000000e+00
   6.02500000e-01    2.51246891e-02    1.59998845e+00    8.00176284e-03    2.00000000e+00
   6.70000000e-01    3.39116499e-02    1.59983103e+00    3.08984368e-03    2.00000000e+00
   6.13750000e-01    3.69754986e-02    1.60677440e+00    3.03564745e-03    2.00000000e+00
   6.90000000e-01    4.10791918e-02    1.61714953e+00    9.60755230e-03    2.00000000e+00
   7.07500000e-01    3.50891721e-02    1.62047538e+00    1.74211576e-03    2.00000000e+00
   6.77500000e-01    2.46221445e-02    1.61342308e+00    5.68866585e-03    2.00000000e+00
   7.13750000e-01    6.37745051e-02    1.62439215e+00    5.03391239e-03    2.00000000e+00
   7.35000000e-01    2.89395923e-02    1.62479550e+00    8.01852109e-03    2.00000000e+00
   7.18750000e-01    1.70934929e-02    1.62407955e+00    4.39016500e-03    2.00000000e+00
   7.50000000e-01    5.77711000e-02    1.63270153e+00    4.96567529e-03    2.00000000e+00
   7.21250000e-01    4.11362067e-02    1.63055147e+00    1.87950180e-03    2.00000000e+00
   7.48750000e-01    4.89099939e-02    1.63982305e+00    7.28399055e-03    2.00000000e+00
   7.17500000e-01    4.95605690e-02    1.63744903e+00    5.62724975e-03    2.00000000e+00
   7.56250000e-01    4.12878614e-02    1.63336213e+00    4.12192593e-03    2.00000000e+00
   7.43750000e-01    5.06674205e-02    1.63971725e+00    7.26672714e-03    2.00000000e+00
   8.55000000e-01    7.32290926e-02    1.65404718e+00    3.79635483e-03    2.00000000e+00
   8.33750000e-01    4.69540999e-02    1.67239545e+00    6.97738256e-03    2.00000000e+00
   9.51250000e-01    6.46505027e-02    1.67234178e+00    8.15660770e-03    2.00000000e+00
   9.30000000e-01    5.82022336e-02    1.68546895e+00    5.16964772e-03    2.00000000e+00
   9.35000000e-01    6.18465844e-02    1.68518725e+00    6.07079834e-03    2.00000000e+00
   9.95000000e-01    5.96866819e-02    1.69405085e+00    5.21455997e-03    2.00000000e+00
   9.91250000e-01    3.08980177e-02    1.69672730e+00    8.17480985e-03    2.00000000e+00
   1.05250000e+00    1.02072278e-01    1.70815430e+00    1.19132994e-02    2.00000000e+00
   1.09625000e+00    5.57197227e-02    1.71194763e+00    1.50351195e-02    2.00000000e+00
   1.08875000e+00    1.04365643e-01    1.73758802e+00    8.12218832e-03    2.00000000e+00
   1.18125000e+00    1.02125841e-01    1.76238843e+00    1.47623936e-02    2.00000000e+00
   1.31750000e+00    4.30842198e-02    1.76964158e+00    1.23639058e-03    2.00000000e+00
   1.43625000e+00    1.65920727e-01    1.77947577e+00    2.36720591e-02    2.00000000e+00
   1.76000000e+00    1.88281704e-01    1.82923585e+00    1.91370159e-02    2.00000000e+00
   1.68250000e+00    1.22142335e-01    1.82138570e+00    1.08698644e-02    2.00000000e+00
   1.86625000e+00    1.48339770e-01    1.84459252e+00    2.00085795e-02    2.00000000e+00
   2.20625000e+00    1.80878931e-01    1.88400140e+00    2.47938438e-02    2.00000000e+00
   2.57000000e+00    1.72916165e-01    1.93479220e+00    6.33143460e-03    1.00000000e+00
   2.91000000e+00    7.68114575e-02    1.98084450e+00    8.23791897e-03    1.00000000e+00
   3.03000000e+00    9.11043358e-02    1.98651303e+00    6.76025405e-03    1.00000000e+00
   3.64000000e+00    2.34946802e-01    2.02701550e+00    1.16117722e-02    1.00000000e+00
   3.74000000e+00    1.73205081e-01    2.02839303e+00    1.11945136e-02    1.00000000e+00
   4.50000000e+00    2.08806130e-01    2.09151840e+00    1.43085703e-02    1.00000000e+00
   4.79000000e+00    3.58189894e-01    2.11189228e+00    7.06380197e-03    1.00000000e+00
   4.68000000e+00    2.68328157e-01    2.12074795e+00    1.62096303e-02    1.00000000e+00
   6.06000000e+00    4.16173041e-01    2.17723323e+00    2.47063663e-02    1.00000000e+00
   6.09000000e+00    4.57274535e-01    2.20219727e+00    1.61183653e-02    1.00000000e+00
   6.57000000e+00    1.70587221e-01    2.22676487e+00    2.00578473e-02    1.00000000e+00
   8.26000000e+00    6.58786764e-01    2.29989790e+00    1.03468348e-02    1.00000000e+00
   8.00000000e+00    0.00000000e+00    2.28606915e+00    4.36808842e-03    0.00000000e+00
   9.53000000e+00    7.72204636e-01    2.29799022e+00    3.15424196e-02    1.00000000e+00
   1.20000000e+01    0.00000000e+00    2.38678413e+00    1.31207781e-02    0.00000000e+00
   1.50000000e+01    1.73205081e+00    2.42643272e+00    1.17907439e-02    0.00000000e+00
   1.70000000e+01    1.73205081e+00    2.50666962e+00    6.71355196e-03    0.00000000e+00
   2.10000000e+01    1.73205081e+00    2.54314023e+00    1.72512676e-02    0.00000000e+00
   2.40000000e+01    0.00000000e+00    2.62751865e+00    1.45642234e-02    0.00000000e+00
   3.23000000e+01    2.59807621e+00    2.68440665e+00    1.87907198e-02    1.00000000e+00
   3.68000000e+01    3.04630924e+00    2.78057748e+00    4.09717686e-02    1.00000000e+00
   6.03000000e+01    1.41460242e+01    2.96173445e+00    1.25238607e-01    1.00000000e+00
   8.00000000e+01    0.00000000e+00    2.92801485e+00    1.07179639e-02    0.00000000e+00
   1.00000000e+02    2.00000000e+01    3.01989902e+00    1.97991258e-02    0.00000000e+00
   1.50000000e+02    1.73205081e+01    3.13060600e+00    3.38403431e-02    0.00000000e+00
   1.80000000e+02    2.00000000e+01    3.26649425e+00    3.92993797e-02    0.00000000e+00
   3.20000000e+02    2.82842712e+01    3.39295755e+00    1.51683315e-02    0.00000000e+00
   4.40000000e+02    4.89897949e+01    3.46373810e+00    5.58181476e-02    0.00000000e+00
   7.10000000e+02    1.50665192e+02    3.56516352e+00    6.14249701e-02    0.00000000e+00
