   2.39856096e-01    4.99212964e-04    2.00000000e-01    0.00000000e+00
   2.63848222e-01    9.69736319e-04    2.00000000e-01    0.00000000e+00
   2.94950588e-01    1.71142342e-03    2.00000000e-01    0.00000000e+00
   3.34130639e-01    9.65361491e-04    2.00000000e-01    0.00000000e+00
   3.89168341e-01    1.99582783e-03    2.00000000e-01    0.00000000e+00
   4.60613889e-01    3.07958612e-03    2.00000000e-01    0.00000000e+00
   4.76517902e-01    9.29374592e-04    2.00000000e-01    0.00000000e+00
   4.98337590e-01    2.34734169e-03    2.00000000e-01    0.00000000e+00
   5.20278817e-01    3.86426892e-03    2.00000000e-01    0.00000000e+00
   5.42628829e-01    3.62881497e-03    2.00000000e-01    0.00000000e+00
   5.67525617e-01    1.97487506e-03    2.00000000e-01    0.00000000e+00
   5.92421615e-01    3.26172779e-03    2.00000000e-01    0.00000000e+00
   6.24116709e-01    2.76093524e-03    2.00000000e-01    0.00000000e+00
   6.63037039e-01    2.45679054e-03    2.00000000e-01    0.00000000e+00
   7.05874532e-01    5.33125405e-03    2.00000000e-01    0.00000000e+00
   7.37306839e-01    5.30508482e-03    2.00000000e-01    0.00000000e+00
   7.63950503e-01    1.06414807e-02    2.00000000e-01    0.00000000e+00
   7.82538341e-01    8.61005948e-03    2.00000000e-01    0.00000000e+00
   8.13605642e-01    6.28383783e-03    2.00000000e-01    0.00000000e+00
   8.22907373e-01    4.89385749e-03    2.00000000e-01    0.00000000e+00
   8.73966336e-01    1.07372512e-02    2.00000000e-01    0.00000000e+00
   8.99945503e-01    1.03250982e-02    2.00000000e-01    0.00000000e+00
   9.42790515e-01    1.17623208e-02    2.00000000e-01    0.00000000e+00
   9.70007042e-01    1.31043776e-02    2.00000000e-01    0.00000000e+00
   1.00013916e+00    1.27700490e-02    2.00000000e-01    0.00000000e+00
   1.04808460e+00    2.40385500e-03    2.00000000e-01    0.00000000e+00
   1.08772721e+00    5.15424166e-03    2.00000000e-01    0.00000000e+00
   1.13895968e+00    6.81387341e-03    2.00000000e-01    0.00000000e+00
   1.18870999e+00    9.01267130e-03    2.00000000e-01    0.00000000e+00
   1.25401691e+00    6.80638552e-03    2.00000000e-01    0.00000000e+00
   1.31507051e+00    2.90269125e-03    2.00000000e-01    0.00000000e+00
   1.36794905e+00    1.12683582e-02    2.00000000e-01    0.00000000e+00
   1.45319169e+00    4.34828853e-03    2.00000000e-01    0.00000000e+00
   1.53077588e+00    8.73505887e-03    2.00000000e-01    0.00000000e+00
   1.60469790e+00    5.75120016e-03    2.00000000e-01    0.00000000e+00
   1.71435596e+00    1.84547089e-02    2.00000000e-01    0.00000000e+00
   1.80362543e+00    1.60189956e-02    2.00000000e-01    0.00000000e+00
   1.85836963e+00    4.11988563e-02    2.00000000e-01    0.00000000e+00
   1.84408023e+00    2.30587192e-02    2.00000000e-01    0.00000000e+00
   1.89474913e+00    3.44257602e-02    2.00000000e-01    0.00000000e+00
   1.94040911e+00    4.56633625e-02    2.00000000e-01    0.00000000e+00
   1.93432802e+00    1.17116099e-02    2.00000000e-01    0.00000000e+00
   1.99173334e+00    3.84145426e-02    2.00000000e-01    0.00000000e+00
   2.00481664e+00    4.09219951e-02    2.00000000e-01    0.00000000e+00
   2.03383701e+00    4.00372926e-02    2.00000000e-01    0.00000000e+00
   2.03823398e+00    3.53019873e-02    2.00000000e-01    0.00000000e+00
   2.06309520e+00    1.99567534e-02    2.00000000e-01    0.00000000e+00
   2.20377826e+00    9.50861240e-03    2.00000000e-01    0.00000000e+00
   2.37460476e+00    7.34146148e-03    2.00000000e-01    0.00000000e+00
   2.58423424e+00    2.08230373e-02    2.00000000e-01    0.00000000e+00
   2.81289728e+00    3.21548437e-02    2.00000000e-01    0.00000000e+00
   2.92703744e+00    2.13189506e-02    2.00000000e-01    0.00000000e+00
   3.04484012e+00    2.63064857e-02    2.00000000e-01    0.00000000e+00
   3.18509291e+00    2.12854805e-02    2.00000000e-01    0.00000000e+00
   3.35978470e+00    8.91113014e-03    2.00000000e-01    0.00000000e+00
   3.51034829e+00    1.65688560e-02    2.00000000e-01    0.00000000e+00
   3.69104290e+00    2.60920539e-02    2.00000000e-01    0.00000000e+00
   4.08668210e+00    2.33263892e-02    2.00000000e-01    0.00000000e+00
   4.57270970e+00    2.32191223e-02    2.00000000e-01    0.00000000e+00
   5.16370429e+00    2.19297321e-02    2.00000000e-01    0.00000000e+00
   5.86353653e+00    3.18034010e-02    2.00000000e-01    0.00000000e+00
   6.72919172e+00    6.67073535e-02    2.00000000e-01    0.00000000e+00
   7.89468730e+00    6.91854624e-02    2.00000000e-01    0.00000000e+00
   9.19973237e+00    8.14335985e-02    2.00000000e-01    0.00000000e+00
   1.11815781e+01    7.76602919e-02    2.00000000e-01    0.00000000e+00
   1.37340216e+01    3.08308389e-01    2.00000000e-01    0.00000000e+00
   1.69577108e+01    2.42662639e-01    2.00000000e-01    0.00000000e+00
   1.95923276e+01    3.28327406e-01    2.00000000e-01    0.00000000e+00
   2.26236360e+01    8.46915832e-01    2.00000000e-01    0.00000000e+00
   2.60705150e+01    9.15509112e-01    2.00000000e-01    0.00000000e+00
   3.01804457e+01    9.20974164e-01    2.00000000e-01    0.00000000e+00
   3.30488509e+01    8.93074956e-01    2.00000000e-01    0.00000000e+00
   3.85603315e+01    1.02311661e+00    2.00000000e-01    0.00000000e+00
   4.36706332e+01    8.24470124e-01    2.00000000e-01    0.00000000e+00
   5.12259275e+01    2.69761827e-01    2.00000000e-01    0.00000000e+00
   6.03425008e+01    9.16260597e-01    2.00000000e-01    0.00000000e+00
   7.15868055e+01    2.22443926e+00    2.00000000e-01    0.00000000e+00
   8.71368750e+01    2.95521030e+00    2.00000000e-01    0.00000000e+00
   1.04405327e+02    5.30075386e+00    2.00000000e-01    0.00000000e+00
   1.29375805e+02    3.81472075e+00    2.00000000e-01    0.00000000e+00
   1.61116698e+02    6.85754755e+00    2.00000000e-01    0.00000000e+00
   2.17407383e+02    1.42936098e+00    2.00000000e-01    0.00000000e+00
   2.71444455e+02    1.38841916e+01    2.00000000e-01    0.00000000e+00
   3.53042049e+02    1.44403312e+01    2.00000000e-01    0.00000000e+00
   4.87731655e+02    1.18508683e+01    2.00000000e-01    0.00000000e+00
   6.74258441e+02    1.19921593e+01    2.00000000e-01    0.00000000e+00
   9.95976504e+02    3.92255467e+01    2.00000000e-01    0.00000000e+00
   1.46665272e+03    5.39585765e+01    2.00000000e-01    0.00000000e+00
   2.08781781e+03    1.56081332e+02    2.00000000e-01    0.00000000e+00
   3.55398358e+03    4.52766262e+02    2.00000000e-01    0.00000000e+00
   5.19603972e+03    4.90938316e+02    2.00000000e-01    0.00000000e+00
   9.56859107e+03    1.44840367e+03    2.00000000e-01    0.00000000e+00
   1.47187268e+04    2.31274736e+03    2.00000000e-01    0.00000000e+00
   2.51052004e+04    6.98871296e+03    2.00000000e-01    0.00000000e+00
