   1.80000000e+00    0.00000000e+00    1.50000558e+01    2.44842392e-03    3.47601755e+02    9.58615277e-03    2.54742570e+01    1.44494135e-03    2.54742570e+01    1.44494135e-03    4.79687158e+01    2.90232557e-03
   1.80000000e+00    0.00000000e+00    1.39994417e+01    1.39284715e-03    3.36275158e+02    1.76096343e-02    2.42556673e+01    2.00942646e-03    2.42556673e+01    2.00942646e-03    4.52495800e+01    3.26531844e-03
   1.80000000e+00    0.00000000e+00    1.29988907e+01    1.97787858e-03    3.24653548e+02    1.87267674e-02    2.30007900e+01    2.54754185e-03    2.30007900e+01    2.54754185e-03    4.24942515e+01    2.82481579e-03
   1.80000000e+00    0.00000000e+00    1.20001920e+01    1.73839294e-03    3.12714787e+02    2.81439464e-02    2.17067650e+01    3.48775967e-03    2.17067650e+01    3.48775967e-03    3.97025528e+01    4.25420377e-03
   1.80000000e+00    0.00000000e+00    1.10001895e+01    1.70911329e-03    3.00402558e+02    1.99603762e-02    2.03672263e+01    2.60546314e-03    2.03672263e+01    2.60546314e-03    3.68633855e+01    2.32021017e-03
   1.80000000e+00    0.00000000e+00    9.99932148e+00    1.08160690e-03    2.87685870e+02    1.78584812e-02    1.89786905e+01    2.08620786e-03    1.89786905e+01    2.08620786e-03    3.39739225e+01    3.66923872e-03
   1.80000000e+00    0.00000000e+00    9.80036390e+00    1.42303794e-03    2.85102795e+02    1.22471231e-02    1.86958477e+01    1.38352853e-03    1.86958477e+01    1.38352853e-03    3.33927185e+01    3.00307313e-03
   1.80000000e+00    0.00000000e+00    9.60066080e+00    6.83418660e-04    2.82492480e+02    1.36588305e-02    1.84098180e+01    1.70120560e-03    1.84098180e+01    1.70120560e-03    3.28072088e+01    2.18951129e-03
   1.80000000e+00    0.00000000e+00    9.40036350e+00    1.24083123e-03    2.79848105e+02    1.74955459e-02    1.81196860e+01    1.95750722e-03    1.81196860e+01    1.95750722e-03    3.22167060e+01    3.75435367e-03
   1.80000000e+00    0.00000000e+00    9.19877553e+00    3.74980509e-04    2.77185890e+02    1.32470921e-02    1.78277345e+01    1.55372625e-03    1.78277345e+01    1.55372625e-03    3.16224483e+01    2.07716277e-03
   1.80000000e+00    0.00000000e+00    8.99990722e+00    1.13339771e-03    2.74520887e+02    6.32324828e-03    1.75350715e+01    6.46045084e-04    1.75350715e+01    6.46045084e-04    3.10315575e+01    2.19054896e-03
   1.80000000e+00    0.00000000e+00    8.79923508e+00    7.14101867e-04    2.71808577e+02    1.66631965e-02    1.72367085e+01    2.16694872e-03    1.72367085e+01    2.16694872e-03    3.04322615e+01    2.27902243e-03
   1.80000000e+00    0.00000000e+00    8.59995018e+00    3.69880301e-04    2.69102443e+02    9.10700932e-03    1.69388248e+01    1.13152980e-03    1.69388248e+01    1.13152980e-03    2.98355250e+01    1.55970718e-03
   1.80000000e+00    0.00000000e+00    8.39933097e+00    1.57869007e-03    2.66365763e+02    1.04899151e-02    1.66377160e+01    1.14912815e-03    1.66377160e+01    1.14912815e-03    2.92335628e+01    2.97763752e-03
   1.80000000e+00    0.00000000e+00    8.19968980e+00    3.41047731e-04    2.63592098e+02    1.65093979e-02    1.63317725e+01    2.13099396e-03    1.63317725e+01    2.13099396e-03    2.86282323e+01    1.85053497e-03
   1.80000000e+00    0.00000000e+00    7.99987870e+00    1.42621594e-03    2.60821915e+02    1.20809385e-02    1.60263565e+01    1.82953963e-03    1.60263565e+01    1.82953963e-03    2.80231747e+01    6.92294148e-04
   1.80000000e+00    0.00000000e+00    7.90149748e+00    9.77257306e-04    2.59411625e+02    1.99368823e-02    1.58702958e+01    2.62049989e-03    1.58702958e+01    2.62049989e-03    2.77195788e+01    2.89142555e-03
   1.80000000e+00    0.00000000e+00    7.79951517e+00    3.68152960e-04    2.57990158e+02    2.11381118e-02    1.57134832e+01    2.61508952e-03    1.57134832e+01    2.61508952e-03    2.74098312e+01    3.10080960e-03
   1.80000000e+00    0.00000000e+00    7.70041960e+00    2.04208362e-04    2.56575677e+02    6.12450151e-03    1.55569377e+01    7.37668752e-04    1.55569377e+01    7.37668752e-04    2.71046797e+01    7.53163453e-04
   1.80000000e+00    0.00000000e+00    7.60092508e+00    4.62337649e-04    2.55152472e+02    1.07861540e-02    1.53995495e+01    1.44503244e-03    1.53995495e+01    1.44503244e-03    2.67980868e+01    9.36486352e-04
   1.80000000e+00    0.00000000e+00    7.50023743e+00    7.33616396e-04    2.53728300e+02    1.17860277e-02    1.52422565e+01    1.51212938e-03    1.52422565e+01    1.51212938e-03    2.64898002e+01    1.93090605e-03
   1.80000000e+00    0.00000000e+00    7.40036977e+00    8.18102959e-04    2.52295940e+02    1.27534290e-02    1.50837300e+01    1.60934101e-03    1.50837300e+01    1.60934101e-03    2.61815092e+01    2.07215979e-03
   1.80000000e+00    0.00000000e+00    7.29924757e+00    6.27580140e-04    2.50856380e+02    2.16005474e-02    1.49247512e+01    2.68265376e-03    1.49247512e+01    2.68265376e-03    2.58708853e+01    3.02883487e-03
   1.80000000e+00    0.00000000e+00    7.19954125e+00    1.05989743e-03    2.49404063e+02    9.36390510e-03    1.47636187e+01    9.63353355e-04    1.47636187e+01    9.63353355e-04    2.55602307e+01    2.24380696e-03
   1.80000000e+00    0.00000000e+00    7.09913353e+00    6.82029436e-04    2.47943050e+02    8.27789224e-03    1.46016828e+01    1.19908619e-03    1.46016828e+01    1.19908619e-03    2.52477210e+01    9.46026162e-04
   1.80000000e+00    0.00000000e+00    7.00000230e+00    5.40398122e-04    2.46470102e+02    1.77725383e-02    1.44381323e+01    2.34750925e-03    1.44381323e+01    2.34750925e-03    2.49355110e+01    1.74523594e-03
   1.80000000e+00    0.00000000e+00    6.90039162e+00    7.00152567e-04    2.45023907e+02    1.65707866e-02    1.42780172e+01    2.11053872e-03    1.42780172e+01    2.11053872e-03    2.46260170e+01    1.81891850e-03
   1.80000000e+00    0.00000000e+00    6.79951892e+00    7.71046015e-04    2.43518062e+02    1.90353623e-02    1.41107370e+01    2.53501489e-03    1.41107370e+01    2.53501489e-03    2.43074658e+01    2.09430148e-03
   1.80000000e+00    0.00000000e+00    6.69970003e+00    4.84177237e-04    2.42037270e+02    1.36922642e-02    1.39464188e+01    1.81335426e-03    1.39464188e+01    1.81335426e-03    2.39934565e+01    1.13572103e-03
   1.80000000e+00    0.00000000e+00    6.60071803e+00    5.63966902e-04    2.40555170e+02    2.55946899e-02    1.37815538e+01    3.32293600e-03    1.37815538e+01    3.32293600e-03    2.36801555e+01    3.09432945e-03
   1.80000000e+00    0.00000000e+00    6.50008750e+00    6.88246536e-04    2.39059513e+02    9.09578577e-03    1.36156155e+01    1.25604389e-03    1.36156155e+01    1.25604389e-03    2.33633090e+01    1.09414190e-03
   1.80000000e+00    0.00000000e+00    6.40018692e+00    8.68110973e-04    2.37547885e+02    1.27313481e-02    1.34474215e+01    1.68685840e-03    1.34474215e+01    1.68685840e-03    2.30453020e+01    1.74879859e-03
   1.80000000e+00    0.00000000e+00    6.30037760e+00    5.00465623e-04    2.36034922e+02    6.84100641e-03    1.32790850e+01    1.06187546e-03    1.32790850e+01    1.06187546e-03    2.27272885e+01    5.64181487e-04
   1.80000000e+00    0.00000000e+00    6.19985557e+00    1.02263729e-03    2.34494112e+02    8.85372062e-03    1.31075273e+01    1.03270697e-03    1.31075273e+01    1.03270697e-03    2.24049857e+01    2.20522463e-03
   1.80000000e+00    0.00000000e+00    6.09923830e+00    2.89637618e-04    2.32963620e+02    1.63737793e-02    1.29372698e+01    2.08945811e-03    1.29372698e+01    2.08945811e-03    2.20838397e+01    1.77554631e-03
   1.80000000e+00    0.00000000e+00    5.99994647e+00    6.34012509e-04    2.31427585e+02    2.56682844e-02    1.27660672e+01    3.07874174e-03    1.27660672e+01    3.07874174e-03    2.17637370e+01    3.77385314e-03
   1.80000000e+00    0.00000000e+00    5.90068533e+00    4.07059003e-04    2.29886220e+02    2.52961242e-02    1.25942180e+01    3.24100702e-03    1.25942180e+01    3.24100702e-03    2.14430330e+01    3.07172207e-03
   1.80000000e+00    0.00000000e+00    5.88019588e+00    5.60366065e-04    2.29558400e+02    1.52893067e-02    1.25574465e+01    2.17547954e-03    1.25574465e+01    2.17547954e-03    2.13755352e+01    1.78411005e-03
   1.80000000e+00    0.00000000e+00    5.86063062e+00    3.08266544e-04    2.29273640e+02    1.47105778e-02    1.25260233e+01    1.85305928e-03    1.25260233e+01    1.85305928e-03    2.13147715e+01    2.00082802e-03
   1.80000000e+00    0.00000000e+00    5.84082562e+00    1.34553268e-04    2.28947835e+02    9.76022925e-03    1.24895417e+01    1.22656928e-03    1.24895417e+01    1.22656928e-03    2.12485895e+01    1.30255988e-03
   1.80000000e+00    0.00000000e+00    5.81996953e+00    3.37456481e-04    2.28635933e+02    8.98408976e-03    1.24548835e+01    1.22113359e-03    1.24548835e+01    1.22113359e-03    2.11826555e+01    9.52933760e-04
   1.80000000e+00    0.00000000e+00    5.79964862e+00    6.41522429e-04    2.28334275e+02    1.12878463e-02    1.24214747e+01    1.48609579e-03    1.24214747e+01    1.48609579e-03    2.11187725e+01    1.19198458e-03
   1.80000000e+00    0.00000000e+00    5.77935107e+00    1.04155220e-03    2.28020852e+02    4.93673159e-03    1.23866360e+01    5.23188780e-04    1.23866360e+01    5.23188780e-04    2.10534955e+01    1.97031895e-03
   1.80000000e+00    0.00000000e+00    5.76039050e+00    5.94450023e-04    2.27694385e+02    2.05163660e-02    1.23499147e+01    2.76124749e-03    1.23499147e+01    2.76124749e-03    2.09883407e+01    1.92380344e-03
   1.80000000e+00    0.00000000e+00    5.74011138e+00    7.37377300e-04    2.27378448e+02    7.25651905e-03    1.23146090e+01    7.69588526e-04    1.23146090e+01    7.69588526e-04    2.09226237e+01    1.72683155e-03
   1.80000000e+00    0.00000000e+00    5.71936945e+00    8.67260357e-04    2.27063960e+02    1.08581076e-02    1.22795720e+01    1.39036398e-03    1.22795720e+01    1.39036398e-03    2.08564813e+01    1.10450880e-03
   1.80000000e+00    0.00000000e+00    5.70008573e+00    4.45308199e-04    2.26751938e+02    4.77891920e-03    1.22446700e+01    7.69640176e-04    1.22446700e+01    7.69640176e-04    2.07926610e+01    7.82565333e-04
   1.80000000e+00    0.00000000e+00    5.59994898e+00    5.14790857e-04    2.25184088e+02    7.78144066e-03    1.20698225e+01    1.03485325e-03    1.20698225e+01    1.03485325e-03    2.04676460e+01    6.55647390e-04
   1.80000000e+00    0.00000000e+00    5.50015617e+00    3.59844865e-04    2.23598455e+02    1.49862912e-02    1.18926770e+01    1.95771589e-03    1.18926770e+01    1.95771589e-03    2.01408485e+01    1.80893263e-03
   1.80000000e+00    0.00000000e+00    5.39960843e+00    9.77491489e-04    2.21998095e+02    2.78672590e-02    1.17138957e+01    3.40592178e-03    1.17138957e+01    3.40592178e-03    1.98112840e+01    3.68002276e-03
   1.80000000e+00    0.00000000e+00    5.29974922e+00    3.35633523e-04    2.20390350e+02    1.09853289e-02    1.15340980e+01    1.42167946e-03    1.15340980e+01    1.42167946e-03    1.94817340e+01    9.73918118e-04
   1.80000000e+00    0.00000000e+00    5.25011785e+00    3.84411976e-04    2.19602670e+02    1.64313907e-02    1.14461062e+01    2.10183305e-03    1.14461062e+01    2.10183305e-03    1.93193142e+01    2.15990664e-03
   1.80000000e+00    0.00000000e+00    5.19977185e+00    9.91555622e-04    2.18785227e+02    8.42664932e-03    1.13545780e+01    8.48609745e-04    1.13545780e+01    8.48609745e-04    1.91522860e+01    2.28772278e-03
   1.80000000e+00    0.00000000e+00    5.15081167e+00    8.45797069e-04    2.17965303e+02    1.40022541e-02    1.12625427e+01    1.79766451e-03    1.12625427e+01    1.79766451e-03    1.89868288e+01    2.03385304e-03
   1.80000000e+00    0.00000000e+00    5.10007647e+00    5.91910835e-04    2.17173597e+02    5.66427566e-03    1.11743175e+01    5.99514178e-04    1.11743175e+01    5.99514178e-04    1.88225198e+01    1.42590539e-03
   1.80000000e+00    0.00000000e+00    5.05014785e+00    7.22970160e-04    2.16356205e+02    2.35990651e-02    1.10828292e+01    2.81324060e-03    1.10828292e+01    2.81324060e-03    1.86561572e+01    3.75635151e-03
   1.80000000e+00    0.00000000e+00    5.00050813e+00    2.15309665e-04    2.15515722e+02    2.30660144e-02    1.09881912e+01    2.91855130e-03    1.09881912e+01    2.91855130e-03    1.84870785e+01    2.97769865e-03
   1.80000000e+00    0.00000000e+00    4.89989515e+00    5.78978106e-04    2.13889910e+02    1.96798031e-02    1.08064060e+01    2.46302832e-03    1.08064060e+01    2.46302832e-03    1.81544110e+01    2.80963085e-03
   1.80000000e+00    0.00000000e+00    4.80065200e+00    5.22887454e-04    2.12236325e+02    2.07267080e-02    1.06209710e+01    2.67750341e-03    1.06209710e+01    2.67750341e-03    1.78201487e+01    2.42722139e-03
   1.80000000e+00    0.00000000e+00    4.69975495e+00    2.37700131e-04    2.10566907e+02    1.77987870e-02    1.04338950e+01    2.23530155e-03    1.04338950e+01    2.23530155e-03    1.74817647e+01    2.30764700e-03
   1.80000000e+00    0.00000000e+00    4.59977573e+00    6.71526144e-04    2.08890387e+02    1.24827549e-02    1.02458435e+01    1.63455445e-03    1.02458435e+01    1.63455445e-03    1.71437823e+01    1.69743739e-03
   1.80000000e+00    0.00000000e+00    4.50032383e+00    3.18206563e-04    2.07201315e+02    2.91567338e-02    1.00559275e+01    3.67246542e-03    1.00559275e+01    3.67246542e-03    1.68047255e+01    3.77517182e-03
   1.80000000e+00    0.00000000e+00    4.39979325e+00    2.77443260e-04    2.05495230e+02    3.07858385e-02    9.86416755e+00    3.64026542e-03    9.86416755e+00    3.64026542e-03    1.64622077e+01    3.75837141e-03
   1.80000000e+00    0.00000000e+00    4.29983375e+00    3.88589382e-04    2.03798332e+02    3.04768719e-02    9.67375932e+00    3.76048947e-03    9.67375932e+00    3.76048947e-03    1.61218972e+01    4.20028596e-03
   1.80000000e+00    0.00000000e+00    4.19976080e+00    3.66178495e-04    2.02059325e+02    1.55041777e-02    9.47782783e+00    1.87155076e-03    9.47782783e+00    1.87155076e-03    1.57758943e+01    2.18652045e-03
   1.80000000e+00    0.00000000e+00    4.09981643e+00    3.33391874e-04    2.00300852e+02    4.13537897e-02    9.27974552e+00    5.19917147e-03    9.27974552e+00    5.19917147e-03    1.54279327e+01    4.89158473e-03
   1.80000000e+00    0.00000000e+00    4.00001568e+00    5.45389656e-04    1.98582605e+02    2.18179794e-02    9.08654577e+00    2.81660596e-03    9.08654577e+00    2.81660596e-03    1.50850690e+01    2.38652917e-03
   1.80000000e+00    0.00000000e+00    3.94942510e+00    3.62117419e-04    1.97693338e+02    3.38409917e-02    8.98635585e+00    4.03530570e-03    8.98635585e+00    4.03530570e-03    1.49090128e+01    4.47037372e-03
   1.80000000e+00    0.00000000e+00    3.90011965e+00    1.99201964e-04    1.96774442e+02    7.03178364e-02    8.88194905e+00    8.69358946e-03    8.88194905e+00    8.69358946e-03    1.47306660e+01    8.95322163e-03
   1.80000000e+00    0.00000000e+00    3.85043698e+00    3.83620003e-04    1.95863960e+02    6.18988417e-02    8.77935818e+00    7.72641687e-03    8.77935818e+00    7.72641687e-03    1.45535698e+01    7.41340827e-03
   1.80000000e+00    0.00000000e+00    3.80039625e+00    2.55343577e-04    1.95007493e+02    6.77215167e-02    8.68289018e+00    8.12740583e-03    8.68289018e+00    8.12740583e-03    1.43820593e+01    8.44776466e-03
   1.80000000e+00    0.00000000e+00    3.76003852e+00    2.03111907e-04    1.94321427e+02    5.27908019e-02    8.60610360e+00    6.63488955e-03    8.60610360e+00    6.63488955e-03    1.42447515e+01    6.82695044e-03
   1.80000000e+00    0.00000000e+00    3.71978952e+00    3.26248857e-04    1.93586530e+02    3.52574659e-02    8.52288688e+00    4.66442239e-03    8.52288688e+00    4.66442239e-03    1.41011762e+01    4.80018429e-03
   1.80000000e+00    0.00000000e+00    3.67983387e+00    2.94981850e-04    1.93014453e+02    2.53479658e-02    8.46021205e+00    3.06449908e-03    8.46021205e+00    3.06449908e-03    1.39785830e+01    3.44720387e-03
   1.80000000e+00    0.00000000e+00    3.63989182e+00    2.76855480e-04    1.92277063e+02    1.19882137e-02    8.37675645e+00    1.48529147e-03    8.37675645e+00    1.48529147e-03    1.38352292e+01    1.85417723e-03
   1.80000000e+00    0.00000000e+00    3.59980600e+00    3.54514012e-04    1.91550780e+02    2.12171900e-02    8.29485840e+00    2.72795010e-03    8.29485840e+00    2.72795010e-03    1.36932175e+01    3.14157305e-03
   1.80000000e+00    0.00000000e+00    3.55984227e+00    4.01218496e-04    1.90826338e+02    3.60188370e-02    8.21292748e+00    4.41372046e-03    8.21292748e+00    4.41372046e-03    1.35513560e+01    4.71523250e-03
   1.80000000e+00    0.00000000e+00    3.52001800e+00    3.49420141e-04    1.90075682e+02    3.75049999e-02    8.12772365e+00    4.70974893e-03    8.12772365e+00    4.70974893e-03    1.34064305e+01    4.60215898e-03
   1.80000000e+00    0.00000000e+00    3.47995935e+00    4.25978758e-04    1.89357055e+02    6.70166399e-02    8.04678985e+00    8.24640078e-03    8.04678985e+00    8.24640078e-03    1.32654240e+01    8.80642555e-03
   1.80000000e+00    0.00000000e+00    3.44006117e+00    4.77092352e-04    1.88617567e+02    2.57148920e-02    7.96307490e+00    3.27259232e-03    7.96307490e+00    3.27259232e-03    1.31218770e+01    2.99578362e-03
   1.80000000e+00    0.00000000e+00    3.39991135e+00    1.82555724e-04    1.87891445e+02    4.38022205e-02    7.88090838e+00    5.47794740e-03    7.88090838e+00    5.47794740e-03    1.29795005e+01    5.57934470e-03
   1.80000000e+00    0.00000000e+00    3.36027247e+00    3.36178497e-04    1.87074240e+02    7.62583438e-03    7.78772600e+00    8.23057486e-04    7.78772600e+00    8.23057486e-04    1.28268748e+01    7.29534226e-04
   1.80000000e+00    0.00000000e+00    3.31985200e+00    4.26031619e-04    1.86382353e+02    5.94731668e-02    7.70971425e+00    7.41152824e-03    7.70971425e+00    7.41152824e-03    1.26882475e+01    7.15986517e-03
   1.80000000e+00    0.00000000e+00    3.28025133e+00    3.10619980e-04    1.85651733e+02    2.57159166e-02    7.62734845e+00    3.19438706e-03    7.62734845e+00    3.19438706e-03    1.25464952e+01    3.53434763e-03
   1.80000000e+00    0.00000000e+00    3.24023755e+00    5.24004201e-04    1.84880738e+02    1.80262370e-02    7.53973492e+00    2.30817629e-03    7.53973492e+00    2.30817629e-03    1.23988760e+01    2.18389079e-03
   1.80000000e+00    0.00000000e+00    3.19990667e+00    3.27192645e-04    1.84130462e+02    1.18871935e-02    7.45462632e+00    1.41616850e-03    7.45462632e+00    1.41616850e-03    1.22532862e+01    1.87350412e-03
   1.80000000e+00    0.00000000e+00    3.16018953e+00    3.10613034e-04    1.83331510e+02    3.39867202e-02    7.36377942e+00    4.24887336e-03    7.36377942e+00    4.24887336e-03    1.21028788e+01    4.13478780e-03
   1.80000000e+00    0.00000000e+00    3.12007327e+00    3.29967077e-04    1.82566440e+02    2.50580925e-02    7.27699105e+00    3.07597096e-03    7.27699105e+00    3.07597096e-03    1.19559308e+01    3.54611142e-03
   1.80000000e+00    0.00000000e+00    3.08016370e+00    2.96560087e-04    1.81829567e+02    5.49401899e-02    7.19357198e+00    7.07019059e-03    7.19357198e+00    7.07019059e-03    1.18126625e+01    7.09123390e-03
   1.80000000e+00    0.00000000e+00    3.04004587e+00    1.44708282e-04    1.80998233e+02    9.53300539e-02    7.09835177e+00    1.21925745e-02    7.09835177e+00    1.21925745e-02    1.16572805e+01    1.22261080e-02
   1.80000000e+00    0.00000000e+00    3.00002270e+00    1.74282572e-04    1.80279053e+02    7.59814627e-02    7.01741175e+00    9.62496806e-03    7.01741175e+00    9.62496806e-03    1.15163208e+01    9.48010486e-03
   1.80000000e+00    0.00000000e+00    2.96006980e+00    6.01603661e-04    1.79440370e+02    9.32658579e-02    6.92125930e+00    1.13586044e-02    6.92125930e+00    1.13586044e-02    1.13602540e+01    1.14073179e-02
   1.80000000e+00    0.00000000e+00    2.92002505e+00    3.15712025e-04    1.78670097e+02    1.13465738e-01    6.83345253e+00    1.35142733e-02    6.83345253e+00    1.35142733e-02    1.12123953e+01    1.32931049e-02
   1.80000000e+00    0.00000000e+00    2.87990730e+00    3.77931925e-04    1.77915990e+02    1.26458257e-01    6.74846963e+00    1.59132984e-02    6.74846963e+00    1.59132984e-02    1.10672507e+01    1.55232791e-02
