   3.17500000e-01    1.25000000e-02    1.39029145e+00    3.36836950e-03    2.00000000e+00
   3.28750000e-01    1.55623745e-02    1.39028038e+00    3.84988351e-03    2.00000000e+00
   3.37500000e-01    2.51246891e-02    1.39260500e+00    5.37102196e-03    2.00000000e+00
   3.38750000e-01    1.84983107e-02    1.39344340e+00    2.01574604e-03    2.00000000e+00
   3.67500000e-01    1.92028644e-02    1.39860735e+00    3.40230114e-03    2.00000000e+00
   3.55000000e-01    2.37170825e-02    1.40314455e+00    5.03373345e-03    2.00000000e+00
   3.60000000e-01    7.07106781e-03    1.40289327e+00    4.35632648e-03    2.00000000e+00
   3.83750000e-01    2.01168462e-02    1.40179947e+00    2.43301543e-03    2.00000000e+00
   3.86250000e-01    1.13880420e-02    1.40846698e+00    1.83466497e-03    2.00000000e+00
   3.82500000e-01    1.60078106e-02    1.41172770e+00    2.01185212e-03    2.00000000e+00
   3.92500000e-01    2.41091269e-02    1.41463247e+00    4.74267864e-03    2.00000000e+00
   3.97500000e-01    2.35849528e-02    1.41554775e+00    6.67884828e-03    2.00000000e+00
   4.06250000e-01    3.62930779e-02    1.42208135e+00    1.84790705e-03    2.00000000e+00
   3.95000000e-01    2.66926956e-02    1.42542405e+00    4.00888436e-03    2.00000000e+00
   4.35000000e-01    1.45773797e-02    1.43092320e+00    5.32181450e-03    2.00000000e+00
   4.25000000e-01    2.73861279e-02    1.43744717e+00    3.11617146e-03    2.00000000e+00
   4.42500000e-01    1.67705098e-02    1.43885565e+00    3.46594752e-03    2.00000000e+00
   4.71250000e-01    1.43069039e-02    1.44440565e+00    5.99323119e-03    2.00000000e+00
   4.51250000e-01    3.20887441e-02    1.44463210e+00    1.49519088e-03    2.00000000e+00
   4.77500000e-01    3.11247490e-02    1.45030028e+00    5.17911567e-03    2.00000000e+00
   4.97500000e-01    5.15388203e-02    1.45577588e+00    2.74958465e-03    2.00000000e+00
   5.05000000e-01    2.15058132e-02    1.45710640e+00    5.77249413e-03    2.00000000e+00
   5.48750000e-01    6.49519053e-03    1.46896105e+00    5.78590805e-03    2.00000000e+00
   5.25000000e-01    2.95803989e-02    1.46695995e+00    6.26736387e-03    2.00000000e+00
   5.71250000e-01    1.19242400e-02    1.47858662e+00    6.10352621e-03    2.00000000e+00
   5.93750000e-01    1.88331490e-02    1.47890402e+00    2.95198509e-03    2.00000000e+00
   6.10000000e-01    3.31662479e-02    1.48838463e+00    1.96855590e-03    1.00000000e+00
   6.10000000e-01    3.31662479e-02    1.49385258e+00    9.54959244e-04    1.00000000e+00
   6.80000000e-01    2.82842712e-02    1.50017110e+00    1.58126779e-03    1.00000000e+00
   6.70000000e-01    1.73205081e-02    1.50710015e+00    3.22966058e-03    1.00000000e+00
   7.20000000e-01    2.82842712e-02    1.51466878e+00    1.63309215e-03    1.00000000e+00
   7.00000000e-01    4.47213595e-02    1.51976615e+00    2.80367021e-03    1.00000000e+00
   7.60000000e-01    8.48528137e-02    1.52310712e+00    3.78217890e-03    1.00000000e+00
   7.80000000e-01    2.00000000e-02    1.52818998e+00    1.70499488e-03    1.00000000e+00
   7.60000000e-01    4.89897949e-02    1.53426348e+00    4.13487930e-03    1.00000000e+00
   8.10000000e-01    3.31662479e-02    1.54119670e+00    2.71052568e-03    1.00000000e+00
   7.90000000e-01    3.31662479e-02    1.54184103e+00    1.94549130e-03    1.00000000e+00
   8.70000000e-01    7.68114575e-02    1.54580038e+00    2.25044910e-03    1.00000000e+00
   8.50000000e-01    3.31662479e-02    1.55445280e+00    1.55732247e-03    1.00000000e+00
   8.82500000e-01    6.71286079e-02    1.54844115e+00    6.04632669e-03    2.00000000e+00
   8.55000000e-01    7.70551750e-02    1.55409748e+00    1.09375987e-02    2.00000000e+00
   8.83750000e-01    6.36764281e-02    1.56009990e+00    1.33055990e-02    2.00000000e+00
   9.20000000e-01    3.44601219e-02    1.56197415e+00    1.09323069e-02    2.00000000e+00
   9.28750000e-01    6.21867148e-02    1.56654533e+00    2.16106220e-03    2.00000000e+00
   9.13750000e-01    5.56074410e-02    1.55592338e+00    7.40821036e-03    2.00000000e+00
   9.21250000e-01    6.55147884e-02    1.56775012e+00    5.98517484e-03    2.00000000e+00
   9.17500000e-01    7.50000000e-03    1.57151455e+00    6.35396455e-03    2.00000000e+00
   9.00000000e-01    8.24621125e-02    1.56549217e+00    3.05873660e-03    1.00000000e+00
   9.50000000e-01    3.31662479e-02    1.57443447e+00    2.18242200e-03    1.00000000e+00
   9.90000000e-01    3.31662479e-02    1.57728833e+00    2.29276796e-03    1.00000000e+00
   1.02125000e+00    8.88379846e-02    1.57912878e+00    7.21334919e-03    2.00000000e+00
   1.02000000e+00    4.47213595e-02    1.58093318e+00    1.07378051e-03    1.00000000e+00
   9.55000000e-01    1.50000000e-02    1.59033673e+00    1.84117192e-03    2.00000000e+00
   1.06000000e+00    7.50832871e-02    1.59247183e+00    1.24493861e-02    2.00000000e+00
   1.10000000e+00    1.61245155e-01    1.59017705e+00    1.70775396e-03    1.00000000e+00
   1.05875000e+00    8.30944493e-02    1.59752198e+00    1.59886044e-02    2.00000000e+00
   1.11750000e+00    5.70635611e-02    1.60432942e+00    8.71257692e-03    2.00000000e+00
   1.08000000e+00    7.48331477e-02    1.59931263e+00    2.69104997e-03    1.00000000e+00
   1.10625000e+00    5.80274719e-02    1.60466645e+00    9.28950509e-03    2.00000000e+00
   1.13875000e+00    6.98547600e-02    1.60847558e+00    7.49982374e-03    2.00000000e+00
   1.17000000e+00    4.35889894e-02    1.60828703e+00    1.32362784e-03    1.00000000e+00
   1.13375000e+00    3.24759526e-02    1.60647153e+00    9.44102939e-03    2.00000000e+00
   1.23250000e+00    8.03507934e-02    1.61408505e+00    7.37114353e-03    2.00000000e+00
   1.22250000e+00    7.04893609e-02    1.61608282e+00    8.70799163e-03    2.00000000e+00
   1.23500000e+00    2.50000000e-02    1.63350145e+00    1.33726893e-02    2.00000000e+00
   1.21000000e+00    1.30766968e-01    1.62358440e+00    1.89749966e-03    1.00000000e+00
   1.27250000e+00    4.30842198e-02    1.62988890e+00    1.76608150e-02    2.00000000e+00
   1.26875000e+00    5.64994469e-02    1.62962522e+00    8.08928300e-03    2.00000000e+00
   1.27000000e+00    1.03440804e-01    1.63679400e+00    3.29431104e-03    1.00000000e+00
   1.44125000e+00    1.09622933e-01    1.64937355e+00    4.59614523e-03    2.00000000e+00
   1.33000000e+00    6.62382065e-02    1.64209155e+00    1.28766761e-02    2.00000000e+00
   1.34000000e+00    1.18321596e-01    1.64340023e+00    5.74051939e-03    1.00000000e+00
   1.46375000e+00    5.98304897e-02    1.64419533e+00    6.39456343e-03    2.00000000e+00
   1.42875000e+00    9.43646518e-02    1.66261338e+00    1.05533559e-02    2.00000000e+00
   1.48000000e+00    8.48528137e-02    1.65299460e+00    1.52205109e-03    1.00000000e+00
   1.56625000e+00    8.49540317e-02    1.66207910e+00    1.00233878e-02    2.00000000e+00
   1.52000000e+00    1.17739118e-01    1.67510732e+00    8.55331755e-04    2.00000000e+00
   1.52000000e+00    1.01980390e-01    1.66833900e+00    2.79266743e-03    1.00000000e+00
   1.60000000e+00    2.82842712e-02    1.67877760e+00    4.87028540e-03    1.00000000e+00
   1.63000000e+00    9.53939201e-02    1.68912367e+00    3.31891556e-03    1.00000000e+00
   1.74000000e+00    1.14891253e-01    1.69525832e+00    7.02546986e-03    1.00000000e+00
   1.91000000e+00    7.68114575e-02    1.70777480e+00    5.53507350e-03    1.00000000e+00
   1.97000000e+00    8.66025404e-02    1.70871345e+00    7.58791348e-03    1.00000000e+00
   1.99000000e+00    1.53297097e-01    1.71356592e+00    9.68144604e-03    1.00000000e+00
   2.13000000e+00    5.91607978e-02    1.72430700e+00    6.57554933e-03    1.00000000e+00
   2.19000000e+00    6.55743852e-02    1.73343525e+00    1.13005404e-03    1.00000000e+00
   2.18000000e+00    1.18321596e-01    1.74847690e+00    3.98010923e-03    1.00000000e+00
   2.39000000e+00    1.14455231e-01    1.75148117e+00    5.00043479e-03    1.00000000e+00
   2.48000000e+00    9.79795897e-02    1.76108705e+00    6.25778791e-03    1.00000000e+00
   2.52000000e+00    1.35646600e-01    1.77189547e+00    7.61749804e-03    1.00000000e+00
   2.65000000e+00    1.03440804e-01    1.78929627e+00    1.26392712e-03    1.00000000e+00
   2.88000000e+00    1.09544512e-01    1.79608002e+00    4.23002001e-03    1.00000000e+00
   2.91000000e+00    9.11043358e-02    1.80324660e+00    4.16067769e-03    1.00000000e+00
   3.00000000e+00    2.00000000e-01    1.81599900e+00    4.23228394e-03    0.00000000e+00
   3.10000000e+00    1.73205081e-01    1.83007790e+00    1.60053966e-03    0.00000000e+00
   3.60000000e+00    2.82842712e-01    1.84684345e+00    1.62772083e-03    0.00000000e+00
   3.60000000e+00    0.00000000e+00    1.85675960e+00    1.43803933e-03    0.00000000e+00
   4.20000000e+00    2.00000000e-01    1.87488240e+00    9.03022878e-03    0.00000000e+00
   4.60000000e+00    2.00000000e-01    1.89328275e+00    8.57389040e-03    0.00000000e+00
   4.40000000e+00    2.82842712e-01    1.90316602e+00    6.49879482e-03    0.00000000e+00
   4.90000000e+00    1.73205081e-01    1.92825775e+00    5.41788274e-03    0.00000000e+00
   5.30000000e+00    4.35889894e-01    1.94883583e+00    6.37027662e-03    0.00000000e+00
   6.20000000e+00    2.00000000e-01    1.97394658e+00    4.15479151e-03    0.00000000e+00
   6.00000000e+00    2.82842712e-01    1.99546060e+00    8.76351630e-03    0.00000000e+00
   8.00000000e+00    0.00000000e+00    1.99826167e+00    7.17251661e-03    0.00000000e+00
   8.00000000e+00    0.00000000e+00    2.02840970e+00    1.23622070e-02    0.00000000e+00
   8.00000000e+00    0.00000000e+00    2.05820417e+00    1.11563049e-03    0.00000000e+00
   8.00000000e+00    0.00000000e+00    2.06989910e+00    8.09544702e-03    0.00000000e+00
   9.00000000e+00    1.73205081e+00    2.08591357e+00    1.01169686e-02    0.00000000e+00
   1.20000000e+01    0.00000000e+00    2.12457340e+00    9.27761682e-03    0.00000000e+00
   1.20000000e+01    0.00000000e+00    2.16064860e+00    8.22751427e-03    0.00000000e+00
   1.20000000e+01    0.00000000e+00    2.19341413e+00    5.89752694e-03    0.00000000e+00
   1.60000000e+01    0.00000000e+00    2.22336417e+00    7.42647267e-03    0.00000000e+00
   2.00000000e+01    0.00000000e+00    2.26223725e+00    9.90705497e-03    0.00000000e+00
   2.00000000e+01    0.00000000e+00    2.27179262e+00    2.04471535e-02    0.00000000e+00
   2.00000000e+01    0.00000000e+00    2.30534125e+00    1.79243964e-02    0.00000000e+00
   2.30000000e+01    1.73205081e+00    2.31778503e+00    7.02154317e-03    0.00000000e+00
   2.30000000e+01    1.73205081e+00    2.33539390e+00    5.05916114e-03    0.00000000e+00
   2.60000000e+01    2.00000000e+00    2.35350857e+00    1.11017398e-02    0.00000000e+00
   2.70000000e+01    1.73205081e+00    2.38219010e+00    1.51552040e-02    0.00000000e+00
   3.10000000e+01    1.73205081e+00    2.41725415e+00    2.94312523e-02    0.00000000e+00
   3.20000000e+01    2.82842712e+00    2.42373773e+00    1.37834261e-02    0.00000000e+00
   3.60000000e+01    0.00000000e+00    2.46812948e+00    2.15310773e-02    0.00000000e+00
   4.24000000e+01    9.85900604e+00    2.52739995e+00    1.02174569e-01    1.00000000e+00
   4.47000000e+01    4.42153819e+00    2.54529085e+00    3.82298506e-02    1.00000000e+00
   5.96000000e+01    3.58887169e+00    2.63550937e+00    5.41771649e-02    1.00000000e+00
   8.00000000e+01    0.00000000e+00    2.65356765e+00    1.87330703e-02    0.00000000e+00
   1.00000000e+02    2.00000000e+01    2.68430635e+00    3.06847798e-02    0.00000000e+00
   1.20000000e+02    0.00000000e+00    2.75398950e+00    1.03967171e-02    0.00000000e+00
   1.70000000e+02    1.73205081e+01    2.83868178e+00    2.93258578e-02    0.00000000e+00
   2.50000000e+02    1.73205081e+01    2.93040022e+00    4.45876396e-02    0.00000000e+00
   3.40000000e+02    4.47213595e+01    2.99556465e+00    1.67525725e-02    0.00000000e+00
