   4.21396165e-01    1.83450826e-03    2.00000000e-01    0.00000000e+00
   4.29990509e-01    3.19511860e-03    2.00000000e-01    0.00000000e+00
   4.41071188e-01    2.93890285e-03    2.00000000e-01    0.00000000e+00
   4.55437057e-01    1.73037771e-03    2.00000000e-01    0.00000000e+00
   4.63750416e-01    4.09902746e-03    2.00000000e-01    0.00000000e+00
   4.74357881e-01    1.72529776e-03    2.00000000e-01    0.00000000e+00
   4.87553033e-01    4.50531819e-03    2.00000000e-01    0.00000000e+00
   5.01288755e-01    4.67917695e-03    2.00000000e-01    0.00000000e+00
   5.16945183e-01    9.53112604e-04    2.00000000e-01    0.00000000e+00
   5.33590628e-01    3.21648360e-03    2.00000000e-01    0.00000000e+00
   5.51162530e-01    5.85288117e-03    2.00000000e-01    0.00000000e+00
   5.69104403e-01    4.84136866e-03    2.00000000e-01    0.00000000e+00
   5.87140289e-01    5.06441042e-03    2.00000000e-01    0.00000000e+00
   6.06939885e-01    7.92864319e-03    2.00000000e-01    0.00000000e+00
   6.33380083e-01    5.68359586e-03    2.00000000e-01    0.00000000e+00
   6.47582232e-01    8.32793699e-03    2.00000000e-01    0.00000000e+00
   6.70889872e-01    4.33419192e-03    2.00000000e-01    0.00000000e+00
   6.91815825e-01    7.79251750e-03    2.00000000e-01    0.00000000e+00
   7.23934491e-01    5.62077386e-03    2.00000000e-01    0.00000000e+00
   7.54340983e-01    8.96598484e-03    2.00000000e-01    0.00000000e+00
   8.00109565e-01    6.18693901e-03    2.00000000e-01    0.00000000e+00
   8.31197167e-01    1.14767604e-02    2.00000000e-01    0.00000000e+00
   8.67938679e-01    5.72788715e-03    2.00000000e-01    0.00000000e+00
   9.07160194e-01    7.25135331e-03    2.00000000e-01    0.00000000e+00
   9.60298451e-01    8.34438528e-03    2.00000000e-01    0.00000000e+00
   1.01618847e+00    1.77372263e-02    2.00000000e-01    0.00000000e+00
   1.06813948e+00    3.30551850e-03    2.00000000e-01    0.00000000e+00
   1.13405500e+00    9.87603474e-03    2.00000000e-01    0.00000000e+00
   1.21285604e+00    7.45573053e-03    2.00000000e-01    0.00000000e+00
   1.29431072e+00    5.20194597e-03    2.00000000e-01    0.00000000e+00
   1.39523768e+00    1.10587408e-02    2.00000000e-01    0.00000000e+00
   1.44608678e+00    8.53248423e-03    2.00000000e-01    0.00000000e+00
   1.49934973e+00    7.73704563e-03    2.00000000e-01    0.00000000e+00
   1.56588878e+00    1.16470254e-02    2.00000000e-01    0.00000000e+00
   1.62456799e+00    1.05058484e-02    2.00000000e-01    0.00000000e+00
   1.69970520e+00    1.82205398e-02    2.00000000e-01    0.00000000e+00
   1.77307618e+00    1.33748328e-02    2.00000000e-01    0.00000000e+00
   1.86224582e+00    1.55942508e-02    2.00000000e-01    0.00000000e+00
   1.93613286e+00    1.79028510e-02    2.00000000e-01    0.00000000e+00
   1.95715135e+00    3.49936895e-02    2.00000000e-01    0.00000000e+00
   1.91824620e+00    5.35350741e-02    2.00000000e-01    0.00000000e+00
   2.03169637e+00    2.29604215e-02    2.00000000e-01    0.00000000e+00
   2.04791132e+00    5.22056043e-02    2.00000000e-01    0.00000000e+00
   2.11234618e+00    4.72327031e-02    2.00000000e-01    0.00000000e+00
   2.09103720e+00    5.43892270e-02    2.00000000e-01    0.00000000e+00
   2.09690702e+00    5.83740926e-02    2.00000000e-01    0.00000000e+00
   2.13177107e+00    6.79674037e-02    2.00000000e-01    0.00000000e+00
   2.14604317e+00    1.70345641e-02    2.00000000e-01    0.00000000e+00
   2.26197843e+00    1.86543826e-02    2.00000000e-01    0.00000000e+00
   2.38769714e+00    2.55922570e-02    2.00000000e-01    0.00000000e+00
   2.40660340e+00    2.48655596e-02    2.00000000e-01    0.00000000e+00
   2.53499286e+00    2.84853870e-02    2.00000000e-01    0.00000000e+00
   2.58568617e+00    6.12692876e-02    2.00000000e-01    0.00000000e+00
   2.61385266e+00    6.33980199e-02    2.00000000e-01    0.00000000e+00
   2.66847650e+00    2.68708236e-02    2.00000000e-01    0.00000000e+00
   2.75662630e+00    1.05638128e-01    2.00000000e-01    0.00000000e+00
   2.83168967e+00    1.54097924e-01    2.00000000e-01    0.00000000e+00
   2.84349963e+00    3.23566537e-02    2.00000000e-01    0.00000000e+00
   2.88519603e+00    5.15737455e-02    2.00000000e-01    0.00000000e+00
   2.86445852e+00    7.51196347e-02    2.00000000e-01    0.00000000e+00
   3.01936856e+00    2.32181857e-02    2.00000000e-01    0.00000000e+00
   3.02599484e+00    1.75445719e-01    2.00000000e-01    0.00000000e+00
   3.26012875e+00    8.85904970e-02    2.00000000e-01    0.00000000e+00
   3.22214582e+00    4.57560753e-02    2.00000000e-01    0.00000000e+00
   3.48661224e+00    1.83775541e-01    2.00000000e-01    0.00000000e+00
   3.48026764e+00    3.64111635e-02    2.00000000e-01    0.00000000e+00
   3.68452809e+00    1.66292934e-01    2.00000000e-01    0.00000000e+00
   3.71114150e+00    2.08022640e-01    2.00000000e-01    0.00000000e+00
   3.77669412e+00    4.73564256e-02    2.00000000e-01    0.00000000e+00
   3.90681432e+00    2.93852981e-01    2.00000000e-01    0.00000000e+00
   3.98243132e+00    9.31945870e-02    2.00000000e-01    0.00000000e+00
   4.05362695e+00    3.51102141e-02    2.00000000e-01    0.00000000e+00
   4.08225637e+00    1.84628282e-01    2.00000000e-01    0.00000000e+00
   4.30469578e+00    2.49163369e-01    2.00000000e-01    0.00000000e+00
   4.38945910e+00    6.09593081e-02    2.00000000e-01    0.00000000e+00
   4.53428789e+00    1.78786803e-01    2.00000000e-01    0.00000000e+00
   4.87559611e+00    1.75316199e-01    2.00000000e-01    0.00000000e+00
   4.83849696e+00    7.98137415e-02    2.00000000e-01    0.00000000e+00
   5.29293619e+00    1.72570133e-01    2.00000000e-01    0.00000000e+00
   5.74601218e+00    7.72919320e-02    2.00000000e-01    0.00000000e+00
   5.96024641e+00    1.59425446e-01    2.00000000e-01    0.00000000e+00
   6.37352783e+00    2.50312203e-01    2.00000000e-01    0.00000000e+00
   6.90720510e+00    1.54334903e-01    2.00000000e-01    0.00000000e+00
   7.02075286e+00    1.54722381e-01    2.00000000e-01    0.00000000e+00
   7.38571060e+00    1.80111409e-01    2.00000000e-01    0.00000000e+00
   7.89278272e+00    1.38716926e-01    2.00000000e-01    0.00000000e+00
   8.45832982e+00    1.95864057e-01    2.00000000e-01    0.00000000e+00
   9.02233735e+00    1.36714958e-01    2.00000000e-01    0.00000000e+00
   9.68277211e+00    2.63411643e-01    2.00000000e-01    0.00000000e+00
   1.03604763e+01    2.90355557e-01    2.00000000e-01    0.00000000e+00
   1.12680395e+01    2.25957642e-01    2.00000000e-01    0.00000000e+00
   1.21879271e+01    3.37998602e-01    2.00000000e-01    0.00000000e+00
   1.25495520e+01    5.96881419e-01    2.00000000e-01    0.00000000e+00
   1.40946786e+01    7.52566936e-02    2.00000000e-01    0.00000000e+00
   1.53781217e+01    2.10740248e-01    2.00000000e-01    0.00000000e+00
   1.66435168e+01    1.22784645e-01    2.00000000e-01    0.00000000e+00
   1.82485638e+01    1.71169775e-01    2.00000000e-01    0.00000000e+00
   1.99795829e+01    7.81975802e-01    2.00000000e-01    0.00000000e+00
   2.29456996e+01    4.07779246e-01    2.00000000e-01    0.00000000e+00
   2.48694738e+01    6.16468076e-01    2.00000000e-01    0.00000000e+00
   2.72479717e+01    6.58162771e-01    2.00000000e-01    0.00000000e+00
   3.15941059e+01    4.12999029e-01    2.00000000e-01    0.00000000e+00
   3.70360340e+01    2.64158194e-01    2.00000000e-01    0.00000000e+00
   4.05473872e+01    1.68719026e+00    2.00000000e-01    0.00000000e+00
   4.55823500e+01    6.42785604e-01    2.00000000e-01    0.00000000e+00
   5.22189167e+01    1.29081730e+00    2.00000000e-01    0.00000000e+00
   5.85558979e+01    1.06731464e+00    2.00000000e-01    0.00000000e+00
   6.65035156e+01    1.21108105e+00    2.00000000e-01    0.00000000e+00
   7.72144411e+01    1.01310300e+00    2.00000000e-01    0.00000000e+00
   9.02535599e+01    1.19584287e+00    2.00000000e-01    0.00000000e+00
   1.07550021e+02    2.68295692e+00    2.00000000e-01    0.00000000e+00
   1.26424158e+02    2.46917241e+00    2.00000000e-01    0.00000000e+00
   1.50260440e+02    3.61944883e+00    2.00000000e-01    0.00000000e+00
   1.80196452e+02    7.73551525e+00    2.00000000e-01    0.00000000e+00
   1.91773778e+02    1.26427842e+01    2.00000000e-01    0.00000000e+00
   2.19566893e+02    1.45776451e+01    2.00000000e-01    0.00000000e+00
   2.51427792e+02    6.55768814e+00    2.00000000e-01    0.00000000e+00
   2.68397688e+02    1.42039501e+01    2.00000000e-01    0.00000000e+00
   2.92630289e+02    1.13257193e+01    2.00000000e-01    0.00000000e+00
   3.36052600e+02    2.69038687e+01    2.00000000e-01    0.00000000e+00
   4.04832551e+02    3.01157124e+01    2.00000000e-01    0.00000000e+00
   4.24282325e+02    3.18038268e+01    2.00000000e-01    0.00000000e+00
   5.23395504e+02    2.84059442e+01    2.00000000e-01    0.00000000e+00
   5.40413251e+02    7.97940657e+00    2.00000000e-01    0.00000000e+00
   7.18123418e+02    2.23831851e+01    2.00000000e-01    0.00000000e+00
   9.52855545e+02    4.51259085e+01    2.00000000e-01    0.00000000e+00
   1.35266478e+03    7.22891609e+01    2.00000000e-01    0.00000000e+00
   1.80907740e+03    9.01319813e+01    2.00000000e-01    0.00000000e+00
   2.39146091e+03    7.12912380e+01    2.00000000e-01    0.00000000e+00
   3.91596342e+03    6.44099498e+02    2.00000000e-01    0.00000000e+00
   5.86897949e+03    6.80976484e+02    2.00000000e-01    0.00000000e+00
   8.16540042e+03    6.74876629e+02    2.00000000e-01    0.00000000e+00
