   1.60000000e+00    0.00000000e+00    7.00139890e+00    1.01023243e-03    1.52335127e+02    1.41778249e-02    7.36052017e+00    1.80560609e-03    7.36052017e+00    1.80560609e-03    1.78599930e+01    2.78334179e-03
   1.60000000e+00    0.00000000e+00    6.90075065e+00    1.61565479e-03    1.51211782e+02    1.64836895e-02    7.22607237e+00    2.03992004e-03    7.22607237e+00    2.03992004e-03    1.75746107e+01    4.30789324e-03
   1.60000000e+00    0.00000000e+00    6.79896407e+00    8.91163639e-04    1.50067978e+02    8.98025995e-03    7.08906035e+00    1.07964345e-03    7.08906035e+00    1.07964345e-03    1.72849567e+01    2.40744132e-03
   1.60000000e+00    0.00000000e+00    6.70131745e+00    2.50446295e-03    1.48955045e+02    1.85002358e-02    6.95536920e+00    2.12450429e-03    6.95536920e+00    2.12450429e-03    1.70048325e+01    5.71590992e-03
   1.60000000e+00    0.00000000e+00    6.60029343e+00    7.59103551e-04    1.47798037e+02    6.85722748e-03    6.81633145e+00    7.18277274e-04    6.81633145e+00    7.18277274e-04    1.67142965e+01    1.84922720e-03
   1.60000000e+00    0.00000000e+00    6.49855532e+00    1.46782719e-03    1.46633710e+02    9.49176749e-03    6.67658930e+00    1.07306702e-03    6.67658930e+00    1.07306702e-03    1.64219855e+01    3.01675840e-03
   1.60000000e+00    0.00000000e+00    6.40087403e+00    1.38258444e-03    1.45514760e+02    1.14723864e-02    6.54224545e+00    1.40020165e-03    6.54224545e+00    1.40020165e-03    1.61411563e+01    3.07762062e-03
   1.60000000e+00    0.00000000e+00    6.30090387e+00    7.94594407e-04    1.44351623e+02    7.69589623e-03    6.40233332e+00    9.01364941e-04    6.40233332e+00    9.01364941e-04    1.58513262e+01    1.99522422e-03
   1.60000000e+00    0.00000000e+00    6.20013990e+00    8.06517641e-04    1.43167098e+02    9.81276815e-03    6.25964148e+00    1.23522975e-03    6.25964148e+00    1.23522975e-03    1.55575263e+01    2.23427196e-03
   1.60000000e+00    0.00000000e+00    6.09964138e+00    1.22305877e-03    1.42014120e+02    1.74102226e-02    6.12142525e+00    2.27782013e-03    6.12142525e+00    2.27782013e-03    1.52685997e+01    3.63797226e-03
   1.60000000e+00    0.00000000e+00    5.99997255e+00    5.08807068e-04    1.40829560e+02    3.43414473e-03    5.97859683e+00    4.54534264e-04    5.97859683e+00    4.54534264e-04    1.49763055e+01    8.87002114e-04
   1.60000000e+00    0.00000000e+00    5.90064120e+00    6.49563827e-04    1.39644007e+02    1.29754082e-02    5.83559113e+00    1.71946646e-03    5.83559113e+00    1.71946646e-03    1.46843400e+01    2.66335606e-03
   1.60000000e+00    0.00000000e+00    5.80049010e+00    7.59714193e-04    1.38456440e+02    1.49104376e-02    5.69249430e+00    1.88859646e-03    5.69249430e+00    1.88859646e-03    1.43910540e+01    2.81570267e-03
   1.60000000e+00    0.00000000e+00    5.69972283e+00    1.26995486e-03    1.37258957e+02    1.67361575e-02    5.54839030e+00    2.08732954e-03    5.54839030e+00    2.08732954e-03    1.40958370e+01    3.81711802e-03
   1.60000000e+00    0.00000000e+00    5.59986203e+00    1.76672062e-03    1.36036200e+02    2.31539943e-02    5.40050603e+00    2.81646983e-03    5.40050603e+00    2.81646983e-03    1.37981992e+01    5.32444074e-03
   1.60000000e+00    0.00000000e+00    5.49944022e+00    1.07081762e-03    1.34834165e+02    1.48433495e-02    5.25572200e+00    1.88985721e-03    5.25572200e+00    1.88985721e-03    1.35028198e+01    3.22755700e-03
   1.60000000e+00    0.00000000e+00    5.39968402e+00    1.05728066e-03    1.33610293e+02    9.08681566e-03    5.10783018e+00    9.87671454e-04    5.10783018e+00    9.87671454e-04    1.32053313e+01    2.49847037e-03
   1.60000000e+00    0.00000000e+00    5.29989758e+00    1.25115593e-03    1.32366903e+02    1.66463846e-02    4.95721060e+00    2.01378134e-03    4.95721060e+00    2.01378134e-03    1.29050695e+01    3.82106049e-03
   1.60000000e+00    0.00000000e+00    5.20004715e+00    1.39218722e-03    1.31145600e+02    2.12858345e-02    4.80973335e+00    2.64070078e-03    4.80973335e+00    2.64070078e-03    1.26078540e+01    4.67537993e-03
   1.60000000e+00    0.00000000e+00    5.09936942e+00    1.23838408e-03    1.29881303e+02    1.16318192e-02    4.65666082e+00    1.47989099e-03    4.65666082e+00    1.47989099e-03    1.23038027e+01    2.93789800e-03
   1.60000000e+00    0.00000000e+00    4.99945408e+00    1.04117657e-03    1.28623437e+02    1.10788027e-02    4.50438095e+00    1.32504012e-03    4.50438095e+00    1.32504012e-03    1.20016872e+01    2.73077254e-03
   1.60000000e+00    0.00000000e+00    4.89958653e+00    6.76010360e-04    1.27376420e+02    1.00973908e-02    4.35349345e+00    1.37311657e-03    4.35349345e+00    1.37311657e-03    1.17010360e+01    1.91335033e-03
   1.60000000e+00    0.00000000e+00    4.79996002e+00    9.10900385e-04    1.26093975e+02    1.62190390e-02    4.19778003e+00    2.05858935e-03    4.19778003e+00    2.05858935e-03    1.13959200e+01    3.29353890e-03
   1.60000000e+00    0.00000000e+00    4.70011028e+00    9.59893326e-04    1.24813895e+02    8.73673995e-03    4.04251727e+00    1.00021036e-03    4.04251727e+00    1.00021036e-03    1.10909202e+01    2.35477561e-03
   1.60000000e+00    0.00000000e+00    4.59954817e+00    6.86410677e-04    1.23520705e+02    6.48932007e-03    3.88570480e+00    7.62489698e-04    3.88570480e+00    7.62489698e-04    1.07833020e+01    1.62191846e-03
   1.60000000e+00    0.00000000e+00    4.50014948e+00    4.06436516e-04    1.22218613e+02    1.28414901e-02    3.72743332e+00    1.75590798e-03    3.72743332e+00    1.75590798e-03    1.04759700e+01    1.66093332e-03
   1.60000000e+00    0.00000000e+00    4.40009907e+00    5.46934687e-04    1.20907660e+02    6.19372666e-03    3.56822430e+00    7.81174369e-04    3.56822430e+00    7.81174369e-04    1.01667230e+01    1.25309158e-03
   1.60000000e+00    0.00000000e+00    4.30168718e+00    4.97064168e-04    1.19603805e+02    1.71091182e-02    3.40958587e+00    2.24172430e-03    3.40958587e+00    2.24172430e-03    9.86050350e+00    2.91005020e-03
   1.60000000e+00    0.00000000e+00    4.20002590e+00    1.19825769e-04    1.18253335e+02    1.48556631e-02    3.24554265e+00    2.09013481e-03    3.24554265e+00    2.09013481e-03    9.54400647e+00    2.03365503e-03
   1.60000000e+00    0.00000000e+00    4.09961403e+00    7.18778507e-04    1.16899655e+02    1.18052732e-02    3.08048915e+00    1.54540457e-03    3.08048915e+00    1.54540457e-03    9.22837278e+00    2.60156529e-03
   1.60000000e+00    0.00000000e+00    4.00034357e+00    5.46291650e-04    1.15552820e+02    1.63642278e-02    2.91645405e+00    2.24098757e-03    2.91645405e+00    2.24098757e-03    8.91546925e+00    2.98380521e-03
   1.60000000e+00    0.00000000e+00    3.95039610e+00    1.07119494e-03    1.14879315e+02    1.68180045e-02    2.83442602e+00    2.12360101e-03    2.83442602e+00    2.12360101e-03    8.75853877e+00    3.68365370e-03
   1.60000000e+00    0.00000000e+00    3.89988400e+00    7.48495949e-04    1.14190905e+02    1.63793307e-02    2.75055373e+00    2.13589051e-03    2.75055373e+00    2.13589051e-03    8.59891730e+00    3.15064265e-03
   1.60000000e+00    0.00000000e+00    3.84965875e+00    3.22450845e-04    1.13500605e+02    6.22801935e-03    2.66648305e+00    9.68613676e-04    2.66648305e+00    9.68613676e-04    8.43952757e+00    7.31010654e-04
   1.60000000e+00    0.00000000e+00    3.79878288e+00    1.07733323e-03    1.12802000e+02    1.21657203e-02    2.58130403e+00    1.43319409e-03    2.58130403e+00    1.43319409e-03    8.27805377e+00    2.99783714e-03
   1.60000000e+00    0.00000000e+00    3.74906830e+00    1.06290540e-03    1.12098215e+02    8.99843459e-03    2.49520745e+00    1.00665444e-03    2.49520745e+00    1.00665444e-03    8.11740400e+00    2.53543927e-03
   1.60000000e+00    0.00000000e+00    3.69951043e+00    4.03339562e-04    1.11414232e+02    1.12864064e-02    2.41185958e+00    1.52380010e-03    2.41185958e+00    1.52380010e-03    7.95973785e+00    1.68149121e-03
   1.60000000e+00    0.00000000e+00    3.64948692e+00    6.64090210e-04    1.10711562e+02    1.19489317e-02    2.32605343e+00    1.49027689e-03    2.32605343e+00    1.49027689e-03    7.79891532e+00    2.35183022e-03
   1.60000000e+00    0.00000000e+00    3.60013250e+00    4.88355869e-04    1.10032032e+02    1.54152950e-02    2.24320208e+00    2.06170543e-03    2.24320208e+00    2.06170543e-03    7.64205077e+00    2.54785620e-03
   1.60000000e+00    0.00000000e+00    3.59050987e+00    5.29021613e-04    1.09884830e+02    1.85350600e-02    2.22495865e+00    2.45480368e-03    2.22495865e+00    2.45480368e-03    7.60937700e+00    3.19194089e-03
   1.60000000e+00    0.00000000e+00    3.58036208e+00    4.68956892e-04    1.09735822e+02    1.61204860e-02    2.20678790e+00    2.15133852e-03    2.20678790e+00    2.15133852e-03    7.57598835e+00    2.45191974e-03
   1.60000000e+00    0.00000000e+00    3.57032728e+00    6.22058596e-04    1.09597678e+02    8.17307890e-03    2.18995185e+00    1.24868274e-03    2.18995185e+00    1.24868274e-03    7.54410387e+00    4.72963764e-04
   1.60000000e+00    0.00000000e+00    3.56016740e+00    7.85279641e-04    1.09456050e+02    2.21415322e-02    2.17264440e+00    2.94199659e-03    2.17264440e+00    2.94199659e-03    7.51156042e+00    4.10052190e-03
   1.60000000e+00    0.00000000e+00    3.54005540e+00    1.72783969e-04    1.09170645e+02    6.71941404e-03    2.13778638e+00    9.24366779e-04    2.13778638e+00    9.24366779e-04    7.44654198e+00    7.14506786e-04
   1.60000000e+00    0.00000000e+00    3.53007265e+00    1.02174333e-03    1.09036883e+02    1.64352462e-02    2.12156757e+00    1.96148848e-03    2.12156757e+00    1.96148848e-03    7.41535278e+00    3.47864087e-03
   1.60000000e+00    0.00000000e+00    3.52031960e+00    6.24565781e-04    1.08894183e+02    1.48860444e-02    2.10409100e+00    1.92685546e-03    2.10409100e+00    1.92685546e-03    7.38325025e+00    2.74361311e-03
   1.60000000e+00    0.00000000e+00    3.51020115e+00    5.53924839e-04    1.08750137e+02    5.47929911e-03    2.08651175e+00    6.34512894e-04    2.08651175e+00    6.34512894e-04    7.35049713e+00    1.32748169e-03
   1.60000000e+00    0.00000000e+00    3.49941198e+00    2.82762563e-04    1.08585812e+02    1.32377271e-02    2.06610895e+00    1.90411280e-03    2.06610895e+00    1.90411280e-03    7.31391460e+00    1.61911441e-03
   1.60000000e+00    0.00000000e+00    3.44978913e+00    3.37626772e-04    1.07893227e+02    3.83175792e-03    1.98166972e+00    5.31118877e-04    1.98166972e+00    5.31118877e-04    7.15505968e+00    8.33283611e-04
   1.60000000e+00    0.00000000e+00    3.39910307e+00    5.93335834e-04    1.07161865e+02    8.24031098e-03    1.89212988e+00    1.10840465e-03    1.89212988e+00    1.10840465e-03    6.98950978e+00    1.34633152e-03
   1.60000000e+00    0.00000000e+00    3.37984900e+00    3.54065142e-04    1.06888000e+02    5.61914139e-03    1.85869322e+00    7.98666653e-04    1.85869322e+00    7.98666653e-04    6.92719930e+00    6.66509719e-04
   1.60000000e+00    0.00000000e+00    3.34938823e+00    7.94602446e-04    1.06438835e+02    5.82871555e-03    1.80368032e+00    6.29835857e-04    1.80368032e+00    6.29835857e-04    6.82650665e+00    1.76088264e-03
   1.60000000e+00    0.00000000e+00    3.34009155e+00    1.09313622e-03    1.06304743e+02    1.10471272e-02    1.78714332e+00    1.29944625e-03    1.78714332e+00    1.29944625e-03    6.79602812e+00    2.63986661e-03
   1.60000000e+00    0.00000000e+00    3.31958717e+00    2.37199414e-04    1.06011935e+02    4.88167236e-03    1.75142140e+00    6.49024969e-04    1.75142140e+00    6.49024969e-04    6.72955735e+00    5.16402835e-04
   1.60000000e+00    0.00000000e+00    3.29946482e+00    1.04337603e-03    1.05716560e+02    1.49951609e-02    1.71518885e+00    1.78577072e-03    1.71518885e+00    1.78577072e-03    6.66314875e+00    3.34468077e-03
   1.60000000e+00    0.00000000e+00    3.27996040e+00    4.96261750e-04    1.05426558e+02    9.98594356e-03    1.67962595e+00    1.24861741e-03    1.67962595e+00    1.24861741e-03    6.59833655e+00    1.79275874e-03
   1.60000000e+00    0.00000000e+00    3.26011992e+00    3.52987205e-04    1.05144728e+02    1.39667773e-02    1.64516282e+00    1.77958295e-03    1.64516282e+00    1.77958295e-03    6.53412022e+00    2.15215588e-03
   1.60000000e+00    0.00000000e+00    3.25055850e+00    2.76513553e-04    1.05006983e+02    1.50484841e-03    1.62833762e+00    2.26288062e-04    1.62833762e+00    2.26288062e-04    6.50295642e+00    4.36171906e-04
   1.60000000e+00    0.00000000e+00    3.24063177e+00    3.57322910e-04    1.04856610e+02    1.47655697e-02    1.60987893e+00    2.08378617e-03    1.60987893e+00    2.08378617e-03    6.46961135e+00    2.58882407e-03
   1.60000000e+00    0.00000000e+00    3.22007610e+00    6.04078666e-04    1.04563077e+02    2.02474694e-02    1.57395257e+00    2.69886333e-03    1.57395257e+00    2.69886333e-03    6.40285920e+00    3.44387124e-03
   1.60000000e+00    0.00000000e+00    3.20026937e+00    3.61644483e-04    1.04260755e+02    1.16946580e-02    1.53690135e+00    1.69382383e-03    1.53690135e+00    1.69382383e-03    6.33610533e+00    1.45543281e-03
   1.60000000e+00    0.00000000e+00    3.18022647e+00    4.61159351e-04    1.03968013e+02    1.50068274e-02    1.50083112e+00    2.08916869e-03    1.50083112e+00    2.08916869e-03    6.26997833e+00    2.37321980e-03
   1.60000000e+00    0.00000000e+00    3.16002860e+00    5.89196631e-04    1.03681237e+02    1.16130021e-02    1.46585397e+00    1.43516086e-03    1.46585397e+00    1.43516086e-03    6.20471192e+00    2.18190115e-03
   1.60000000e+00    0.00000000e+00    3.14952612e+00    2.69872316e-04    1.03525385e+02    1.65067479e-02    1.44682573e+00    2.23899610e-03    1.44682573e+00    2.23899610e-03    6.16993385e+00    2.62652143e-03
   1.60000000e+00    0.00000000e+00    3.12042672e+00    7.50067895e-04    1.03094487e+02    1.42277060e-02    1.39414148e+00    1.76012017e-03    1.39414148e+00    1.76012017e-03    6.07361140e+00    2.82154129e-03
   1.60000000e+00    0.00000000e+00    3.10043437e+00    2.19004228e-04    1.02808630e+02    1.21169571e-02    1.35908390e+00    1.65567894e-03    1.35908390e+00    1.65567894e-03    6.00857280e+00    1.76039727e-03
   1.60000000e+00    0.00000000e+00    3.08054812e+00    3.95843595e-04    1.02501847e+02    4.93253675e-03    1.32137247e+00    7.32115231e-04    1.32137247e+00    7.32115231e-04    5.94103943e+00    8.38660096e-04
   1.60000000e+00    0.00000000e+00    3.05926815e+00    8.50169940e-04    1.02195850e+02    2.33082346e-02    1.28393485e+00    3.05494276e-03    1.28393485e+00    3.05494276e-03    5.87168980e+00    4.19924423e-03
   1.60000000e+00    0.00000000e+00    3.04962302e+00    6.65931556e-04    1.02046765e+02    6.99422798e-03    1.26565485e+00    8.92028179e-04    1.26565485e+00    8.92028179e-04    5.83894578e+00    1.79414937e-03
   1.60000000e+00    0.00000000e+00    3.04015265e+00    6.09356043e-04    1.01899843e+02    8.34342968e-03    1.24754515e+00    1.07686884e-03    1.24754515e+00    1.07686884e-03    5.80663405e+00    1.77528826e-03
   1.60000000e+00    0.00000000e+00    3.02008300e+00    4.57368938e-04    1.01605198e+02    2.07099546e-02    1.21139733e+00    2.79399609e-03    1.21139733e+00    2.79399609e-03    5.74038933e+00    3.20161135e-03
   1.60000000e+00    0.00000000e+00    3.00046805e+00    9.09444018e-04    1.01316712e+02    9.89863722e-03    1.17601190e+00    1.11890322e-03    1.17601190e+00    1.11890322e-03    5.67558880e+00    2.31873851e-03
   1.60000000e+00    0.00000000e+00    2.98045770e+00    5.28523098e-04    1.01022295e+02    1.49315413e-02    1.14009802e+00    2.06117406e-03    1.14009802e+00    2.06117406e-03    5.60966693e+00    2.67687971e-03
   1.60000000e+00    0.00000000e+00    2.96020043e+00    3.22061169e-04    1.00718918e+02    1.08229533e-02    1.10285720e+00    1.44748997e-03    1.10285720e+00    1.44748997e-03    5.54204780e+00    1.77207956e-03
   1.60000000e+00    0.00000000e+00    2.94983353e+00    3.10337763e-04    1.00550255e+02    1.46996624e-02    1.08196335e+00    1.94397564e-03    1.08196335e+00    1.94397564e-03    5.50560740e+00    2.31394330e-03
   1.60000000e+00    0.00000000e+00    2.93990310e+00    3.88425109e-04    1.00401657e+02    1.14559796e-02    1.06369930e+00    1.60904236e-03    1.06369930e+00    1.60904236e-03    5.47245150e+00    1.41731777e-03
   1.60000000e+00    0.00000000e+00    2.91981757e+00    3.77984731e-04    1.00109770e+02    4.56057562e-03    1.02810998e+00    5.71694304e-04    1.02810998e+00    5.71694304e-04    5.40674140e+00    1.03902286e-03
   1.60000000e+00    0.00000000e+00    2.90010045e+00    7.54798336e-04    9.98088387e+01    3.33620458e-02    9.91048053e-01    4.44411294e-03    9.91048053e-01    4.44411294e-03    5.34011123e+00    5.38615840e-03
   1.60000000e+00    0.00000000e+00    2.85020723e+00    6.15382395e-04    9.90448725e+01    1.18540982e-02    8.97215385e-01    1.52760342e-03    8.97215385e-01    1.52760342e-03    5.17145737e+00    2.30351100e-03
   1.60000000e+00    0.00000000e+00    2.80039792e+00    6.16997445e-04    9.82815198e+01    7.85055990e-03    8.03311815e-01    1.00989113e-03    8.03311815e-01    1.00989113e-03    5.00285855e+00    1.63387127e-03
   1.60000000e+00    0.00000000e+00    2.77997730e+00    8.16636700e-05    9.79706257e+01    1.30601101e-02    7.65253348e-01    1.84221133e-03    7.65253348e-01    1.84221133e-03    4.93417678e+00    1.77802665e-03
   1.60000000e+00    0.00000000e+00    2.75022340e+00    6.08121316e-04    9.75138508e+01    6.54817308e-03    7.09038935e-01    9.81949966e-04    7.09038935e-01    9.81949966e-04    4.83334272e+00    1.07742856e-03
   1.60000000e+00    0.00000000e+00    2.72013638e+00    1.90104042e-04    9.70429815e+01    2.41216275e-02    6.50976870e-01    3.28103617e-03    6.50976870e-01    3.28103617e-03    4.73016143e+00    3.53098576e-03
   1.60000000e+00    0.00000000e+00    2.70000822e+00    3.78791997e-04    9.67419977e+01    7.02654927e-03    6.14123170e-01    8.46741243e-04    6.14123170e-01    8.46741243e-04    4.66312305e+00    1.24392005e-03
   1.60000000e+00    0.00000000e+00    2.68005125e+00    3.66066452e-04    9.64194218e+01    8.32692549e-03    5.74370572e-01    1.03880398e-03    5.74370572e-01    1.03880398e-03    4.59344243e+00    1.39177199e-03
   1.60000000e+00    0.00000000e+00    2.65043447e+00    5.11861370e-04    9.59769655e+01    2.43668362e-02    5.19998330e-01    3.27472436e-03    5.19998330e-01    3.27472436e-03    4.49465612e+00    4.00362701e-03
   1.60000000e+00    0.00000000e+00    2.61980180e+00    2.54065021e-04    9.55074233e+01    1.53284304e-02    4.62471072e-01    2.23139147e-03    4.62471072e-01    2.23139147e-03    4.39119135e+00    2.39338490e-03
   1.60000000e+00    0.00000000e+00    2.60023345e+00    3.65666525e-04    9.51857555e+01    1.21737764e-02    4.22593477e-01    1.69299635e-03    4.22593477e-01    1.69299635e-03    4.32196857e+00    1.81855292e-03
   1.60000000e+00    0.00000000e+00    2.57974807e+00    5.52738860e-04    9.48618640e+01    1.52721445e-02    3.82826880e-01    2.04019981e-03    3.82826880e-01    2.04019981e-03    4.25148155e+00    2.15923385e-03
   1.60000000e+00    0.00000000e+00    2.55005688e+00    6.41277441e-04    9.43966392e+01    1.31756220e-02    3.25410075e-01    1.81788209e-03    3.25410075e-01    1.81788209e-03    4.14953907e+00    2.36140743e-03
   1.60000000e+00    0.00000000e+00    2.52016507e+00    5.61476889e-04    9.39276335e+01    1.27309868e-02    2.67688750e-01    1.73348165e-03    2.67688750e-01    1.73348165e-03    4.04699130e+00    1.81188808e-03
   1.60000000e+00    0.00000000e+00    2.50014802e+00    4.13027326e-04    9.36027838e+01    1.66389977e-02    2.27742102e-01    2.18540605e-03    2.27742102e-01    2.18540605e-03    3.97702660e+00    2.14032183e-03
   1.60000000e+00    0.00000000e+00    2.47993055e+00    7.36247134e-04    9.32939515e+01    1.10600175e-02    1.89760975e-01    1.36798681e-03    1.89760975e-01    1.36798681e-03    3.90872683e+00    2.25022540e-03
   1.60000000e+00    0.00000000e+00    2.44983550e+00    7.09291344e-04    9.27941692e+01    1.31016367e-02    1.27920225e-01    1.79538327e-03    1.27920225e-01    1.79538327e-03    3.80175480e+00    2.68487444e-03
   1.60000000e+00    0.00000000e+00    2.42003327e+00    4.95718899e-04    9.23439205e+01    1.31391724e-02    7.28649137e-02    2.08117373e-03    7.28649137e-02    2.08117373e-03    3.70200733e+00    1.86264384e-03
   1.60000000e+00    0.00000000e+00    2.40048955e+00    4.69333562e-04    9.20158530e+01    8.45802917e-03    3.23209045e-02    1.31889047e-03    3.23209045e-02    1.31889047e-03    3.63215503e+00    6.35499203e-04
   1.60000000e+00    0.00000000e+00    2.37998850e+00    4.25221889e-04    9.16648598e+01    1.27536497e-02   -1.13182912e-02    1.75025424e-03   -1.13182912e-02    1.75025424e-03    3.55777195e+00    1.85827786e-03
   1.60000000e+00    0.00000000e+00    2.35031300e+00    4.38501203e-04    9.12067033e+01    4.09102053e-02   -6.76362082e-02    5.62943116e-03   -6.76362082e-02    5.62943116e-03    3.45695195e+00    5.10408210e-03
   1.60000000e+00    0.00000000e+00    2.32001165e+00    5.00485737e-04    9.07066545e+01    2.47495886e-02   -1.29223147e-01    3.40920729e-03   -1.29223147e-01    3.40920729e-03    3.34992432e+00    3.68626697e-03
   1.60000000e+00    0.00000000e+00    2.29998442e+00    3.77767292e-04    9.03889173e+01    1.51759076e-02   -1.68595483e-01    2.25059282e-03   -1.68595483e-01    2.25059282e-03    3.28051863e+00    1.69600979e-03
   1.60000000e+00    0.00000000e+00    2.28011240e+00    9.58650353e-05    9.00594605e+01    2.64473890e-02   -2.09240490e-01    3.67896011e-03   -2.09240490e-01    3.67896011e-03    3.21007307e+00    3.78363164e-03
   1.60000000e+00    0.00000000e+00    2.24982605e+00    4.80431756e-04    8.95602752e+01    8.14069752e-03   -2.70676982e-01    1.22077885e-03   -2.70676982e-01    1.22077885e-03    3.10321840e+00    1.26342656e-03
   1.60000000e+00    0.00000000e+00    2.21976570e+00    2.85244965e-04    8.90622618e+01    2.03808855e-02   -3.32404113e-01    2.80780023e-03   -3.32404113e-01    2.80780023e-03    2.99641202e+00    2.83347391e-03
   1.60000000e+00    0.00000000e+00    2.20000377e+00    6.11651230e-04    8.87464820e+01    3.39857918e-02   -3.71634468e-01    4.59592114e-03   -3.71634468e-01    4.59592114e-03    2.92754617e+00    4.93420630e-03
   1.60000000e+00    0.00000000e+00    2.17984508e+00    3.33823197e-04    8.84198937e+01    1.32450937e-02   -4.11514563e-01    1.82314426e-03   -4.11514563e-01    1.82314426e-03    2.85743562e+00    1.74260042e-03
   1.60000000e+00    0.00000000e+00    2.15994380e+00    2.15952321e-04    8.80721382e+01    1.78764465e-02   -4.54898745e-01    2.57489604e-03   -4.54898745e-01    2.57489604e-03    2.78420695e+00    2.39912612e-03
   1.60000000e+00    0.00000000e+00    2.14009808e+00    2.35552493e-04    8.77527115e+01    1.46519417e-02   -4.94140917e-01    2.00415097e-03   -4.94140917e-01    2.00415097e-03    2.71520367e+00    2.18144504e-03
   1.60000000e+00    0.00000000e+00    2.11997373e+00    2.19534227e-04    8.74171805e+01    9.23279385e-03   -5.35652537e-01    1.31982851e-03   -5.35652537e-01    1.31982851e-03    2.64351307e+00    1.22733085e-03
   1.60000000e+00    0.00000000e+00    2.09993088e+00    1.71582260e-04    8.70794087e+01    9.53236213e-03   -5.77425605e-01    1.25648636e-03   -5.77425605e-01    1.25648636e-03    2.57168320e+00    1.09827018e-03
   1.60000000e+00    0.00000000e+00    2.07993965e+00    1.90732804e-04    8.67411763e+01    6.35823928e-03   -6.19322715e-01    1.09468797e-03   -6.19322715e-01    1.09468797e-03    2.49980675e+00    1.14381363e-03
   1.60000000e+00    0.00000000e+00    2.05970957e+00    9.52506266e-05    8.63832530e+01    1.55137079e-02   -6.63753765e-01    2.15763710e-03   -6.63753765e-01    2.15763710e-03    2.42503827e+00    2.10093567e-03
   1.60000000e+00    0.00000000e+00    2.04004547e+00    2.20184824e-04    8.60515800e+01    1.17314164e-02   -7.04828398e-01    1.65671829e-03   -7.04828398e-01    1.65671829e-03    2.35447483e+00    1.54994842e-03
   1.60000000e+00    0.00000000e+00    2.01987155e+00    1.46901336e-04    8.57189138e+01    1.83813310e-02   -7.45767305e-01    2.53059538e-03   -7.45767305e-01    2.53059538e-03    2.28328258e+00    2.56023461e-03
   1.60000000e+00    0.00000000e+00    1.99999627e+00    1.89163995e-04    8.53780900e+01    2.58163464e-02   -7.87991770e-01    3.47935395e-03   -7.87991770e-01    3.47935395e-03    2.21125267e+00    3.52862595e-03
   1.60000000e+00    0.00000000e+00    1.98990068e+00    3.34491333e-04    8.52285130e+01    3.07400296e-02   -8.06239168e-01    4.12902541e-03   -8.06239168e-01    4.12902541e-03    2.17786560e+00    4.61025870e-03
   1.60000000e+00    0.00000000e+00    1.97993003e+00    2.48515959e-04    8.50403708e+01    3.43726587e-02   -8.29743992e-01    4.62950954e-03   -8.29743992e-01    4.62950954e-03    2.13940855e+00    4.33525238e-03
   1.60000000e+00    0.00000000e+00    1.96995490e+00    2.60933928e-04    8.48565722e+01    1.13426626e-02   -8.52873267e-01    1.53990929e-03   -8.52873267e-01    1.53990929e-03    2.10132035e+00    1.63195824e-03
   1.60000000e+00    0.00000000e+00    1.95975773e+00    4.19318682e-04    8.47024105e+01    2.38432986e-02   -8.71490778e-01    3.28489323e-03   -8.71490778e-01    3.28489323e-03    2.06741088e+00    2.67405290e-03
   1.60000000e+00    0.00000000e+00    1.95002638e+00    1.21545616e-04    8.45378120e+01    1.99045910e-02   -8.91924962e-01    2.89345395e-03   -8.91924962e-01    2.89345395e-03    2.03238337e+00    2.84330624e-03
   1.60000000e+00    0.00000000e+00    1.93987063e+00    1.19327687e-04    8.43391600e+01    4.19608253e-02   -9.16661802e-01    5.79504149e-03   -9.16661802e-01    5.79504149e-03    1.99241665e+00    5.86185404e-03
   1.60000000e+00    0.00000000e+00    1.93003060e+00    2.25219193e-04    8.41573788e+01    3.54166237e-02   -9.39510822e-01    4.70154340e-03   -9.39510822e-01    4.70154340e-03    1.95481133e+00    4.61786598e-03
   1.60000000e+00    0.00000000e+00    1.92000520e+00    3.21394267e-04    8.40091492e+01    3.72017772e-02   -9.57793117e-01    5.00190920e-03   -9.57793117e-01    5.00190920e-03    1.92149467e+00    5.48320588e-03
   1.60000000e+00    0.00000000e+00    1.91000433e+00    1.85160854e-04    8.38030260e+01    2.56264589e-02   -9.83710292e-01    3.51954377e-03   -9.83710292e-01    3.51954377e-03    1.88057998e+00    3.30508442e-03
   1.60000000e+00    0.00000000e+00    1.89971780e+00    2.40891033e-04    8.36729280e+01    8.71634881e-03   -9.99088575e-01    1.18060981e-03   -9.99088575e-01    1.18060981e-03    1.84977575e+00    1.09868610e-03
   1.60000000e+00    0.00000000e+00    1.88016543e+00    1.71576461e-04    8.33199165e+01    1.13309370e-02   -1.04306232e+00    1.67100305e-03   -1.04306232e+00    1.67100305e-03    1.77648078e+00    1.52310093e-03
   1.60000000e+00    0.00000000e+00    1.86012983e+00    1.44424727e-04    8.29711932e+01    2.00725757e-02   -1.08617825e+00    2.60588069e-03   -1.08617825e+00    2.60588069e-03    1.70331893e+00    2.80564546e-03
   1.60000000e+00    0.00000000e+00    1.84004897e+00    2.29120977e-04    8.26022490e+01    2.40384202e-02   -1.13240242e+00    3.29363314e-03   -1.13240242e+00    3.29363314e-03    1.62698097e+00    2.95852295e-03
   1.60000000e+00    0.00000000e+00    1.81999705e+00    4.87026950e-05    8.22650137e+01    2.54047196e-02   -1.17401687e+00    3.52678928e-03   -1.17401687e+00    3.52678928e-03    1.55529627e+00    3.58734905e-03
   1.60000000e+00    0.00000000e+00    1.80000882e+00    1.62433561e-04    8.19302295e+01    2.01161083e-02   -1.21524198e+00    2.51713515e-03   -1.21524198e+00    2.51713515e-03    1.48409627e+00    2.29904708e-03
   1.60000000e+00    0.00000000e+00    1.77998602e+00    8.39374879e-05    8.15308117e+01    5.80948300e-02   -1.26549168e+00    8.12489648e-03   -1.26549168e+00    8.12489648e-03    1.40381985e+00    8.04085308e-03
   1.60000000e+00    0.00000000e+00    1.75996858e+00    9.88481000e-05    8.11659392e+01    4.41159385e-02   -1.31073555e+00    6.00417418e-03   -1.31073555e+00    6.00417418e-03    1.32855730e+00    5.99989048e-03
   1.60000000e+00    0.00000000e+00    1.74000020e+00    1.31681263e-04    8.08340175e+01    2.72544656e-02   -1.35195480e+00    3.90539629e-03   -1.35195480e+00    3.90539629e-03    1.25739300e+00    3.78343961e-03
